0 0 0 0 -0.0294033
0.05 0 0 0 -0.0294033
0.1 0 0 0 -0.0315517
0.15 0 0 0 -0.0343608
0.2 0 0 0 -0.0371706
0.25 0 0 0 -0.0401219
0.3 0 0 0 -0.0244818
0.35 0 0 0 -0.0252896
0.4 0 0 0 -0.0303614
0.45 0 0 0 -0.0295987
0.5 0 0 0 -0.0294336
0.55 0 0 0 -0.0280943
0.6 0 0 0 -0.0264674
0.65 0 0 0 -0.024383
0.7 0 0 0 -0.0220035
0.75 0 0 0 -0.0193409
0.8 0 0 0 -0.0164538
0.85 0 0 0 -0.0133785
0.9 0 0 0 -0.0101594
0.95 0 0 0 -0.00683824
1 0 0 0 -0.00345911
1.05 0 0 0 -6.63936e-05
1.1 0 0 0 0.00329452
1.15 0 0 0 0.00657776
1.2 0 0 0 0.00973721
1.25 0 0 0 0.012727
1.3 0 0 0 0.0155023
1.35 0 0 0 0.0180198
1.4 0 0 0 0.020239
1.45 0 0 0 0.0221232
1.5 0 0 0 0.0236422
1.55 0 0 0 0.0247711
1.6 0 0 0 0.0255025
1.65 0 0 0 0.0258196
1.7 0 0 0 0.0257936
1.75 0 0 0 0.0253189
1.8 0 0 0 0.0247141
1.85 0 0 0 0.0238349
1.9 0 0 0 0.0230566
1.95 0 0 0 0.0222397
2 0 0 0 0.0222397
0 0.05 0 0 -0.0287631
0.05 0.05 0 0 -0.0287631
0.1 0.05 0 0 -0.0298636
0.15 0.05 0 0 -0.0307709
0.2 0.05 0 0 -0.0317192
0.25 0.05 0 0 -0.0319323
0.3 0.05 0 0 -0.0316399
0.35 0.05 -0.00208767 0.000999033 -0.0252896
0.4 0.05 -0.00287263 0.000955485 -0.0303614
0.45 0.05 -0.00402893 0.0008666 -0.0295987
0.5 0.05 -0.00495875 0.000754367 -0.0294336
0.55 0.05 -0.00586079 0.000667332 -0.0280943
0.6 0.05 -0.00666657 0.000592402 -0.0264674
0.65 0.05 -0.00740019 0.000524081 -0.024383
0.7 0.05 -0.00804898 0.000456955 -0.0220035
0.75 0.05 -0.00861209 0.000388587 -0.0193409
0.8 0.05 -0.00908357 0.00031793 -0.0164538
0.85 0.05 -0.00945966 0.0002448 -0.0133785
0.9 0.05 -0.0097365 0.000169444 -0.0101594
0.95 0.05 -0.00991126 9.23253e-05 -0.00683824
1 0.05 -0.00998184 1.40297e-05 -0.00345911
1.05 0.05 -0.00994713 -6.47632e-05 -6.63936e-05
1.1 0.05 -0.00980703 -0.000143277 0.00329452
1.15 0.05 -0.00956257 -0.000220621 0.00657776
1.2 0.05 -0.00921612 -0.000295759 0.00973721
1.25 0.05 -0.00877153 -0.000367482 0.012727
1.3 0.05 -0.00823442 -0.000434381 0.0155023
1.35 0.05 -0.00761245 -0.000494815 0.0180198
1.4 0.05 -0.00691557 -0.000546899 0.020239
1.45 0.05 -0.0061564 -0.000588486 0.0221232
1.5 0.05 -0.00535039 -0.000617179 0.0236422
1.55 0.05 -0.00451647 -0.000630386 0.0247711
1.6 0.05 -0.00367615 -0.000625264 0.0255025
1.65 0.05 -0.00285655 -0.000599494 0.0258196
1.7 0.05 -0.00208101 -0.000549059 0.0257936
1.75 0.05 -0.00138977 -0.000479534 0.0253189
1.8 0.05 -0.000811049 -0.000371953 0.0247141
1.85 0.05 -0.000374295 -0.000246265 0.0238349
1.9 0.05 -9.56963e-05 -0.000114121 0.0230566
1.95 0.05 -8.02085e-07 -2.08087e-06 0.0222397
2 0.05 0 0 0.0222397
0 0.1 0 0 -0.0287631
0.05 0.1 -2.77698e-05 3.26857e-05 -0.0287631
0.1 0.1 -0.000200198 0.000210166 -0.0298636
0.15 0.1 -0.000642901 0.000429046 -0.0307709
0.2 0.1 -0.0013416 0.000683552 -0.0317192
0.25 0.1 -0.00230472 0.00100305 -0.0319323
0.3 0.1 -0.00361192 0.00147125 -0.0316399
0.35 0.1 -0.00515666 0.00229673 -0.0282682
0.4 0.1 -0.00645669 0.00221554 -0.0293414
0.45 0.1 -0.00806388 0.00211948 -0.0281711
0.5 0.1 -0.00958971 0.00195288 -0.0275859
0.55 0.1 -0.0111065 0.00179351 -0.0262431
0.6 0.1 -0.0125184 0.00162853 -0.0247001
0.65 0.1 -0.0138208 0.00145891 -0.022769
0.7 0.1 -0.0149851 0.00128052 -0.020574
0.75 0.1 -0.0160001 0.00109263 -0.0181175
0.8 0.1 -0.0168522 0.000895316 -0.0154511
0.85 0.1 -0.0175324 0.000689618 -0.0126079
0.9 0.1 -0.0180329 0.000476982 -0.00962914
0.95 0.1 -0.0183481 0.00025911 -0.00655424
1 0.1 -0.0184741 3.78854e-05 -0.00342465
1.05 0.1 -0.0184088 -0.00018463 -0.000282117
1.1 0.1 -0.0181523 -0.00040614 0.00283081
1.15 0.1 -0.0177067 -0.000624045 0.00587142
1.2 0.1 -0.0170766 -0.000835363 0.00879714
1.25 0.1 -0.0162695 -0.00103664 0.0115661
1.3 0.1 -0.015296 -0.0012239 0.014138
1.35 0.1 -0.0141702 -0.00139253 0.0164745
1.4 0.1 -0.0129106 -0.00153732 0.0185409
1.45 0.1 -0.0115402 -0.00165238 0.0203066
1.5 0.1 -0.0100869 -0.00173125 0.0217478
1.55 0.1 -0.0085842 -0.00176706 0.0228464
1.6 0.1 -0.00707061 -0.0017526 0.0235983
1.65 0.1 -0.00559067 -0.00168146 0.0240029
1.7 0.1 -0.00419284 -0.00154663 0.0240826
1.75 0.1 -0.00292486 -0.00135005 0.0239065
1.8 0.1 -0.00183959 -0.00107711 0.0234461
1.85 0.1 -0.000995618 -0.000752268 0.0228096
1.9 0.1 -0.000400912 -0.000407369 0.0222464
1.95 0.1 -0.000109434 -9.55481e-05 0.0214252
2 0.1 0 0 0.0214252
0 0.15 0 0 -0.0276311
0.05 0.15 -0.000183829 0.000201428 -0.0276311
0.1 0.15 -0.000627156 0.000669777 -0.0286896
0.15 0.15 -0.00148651 0.0012005 -0.0292517
0.2 0.15 -0.00270154 0.00176532 -0.029867
0.25 0.15 -0.00424032 0.00237257 -0.0298827
0.3 0.15 -0.00607078 0.00304834 -0.0298098
0.35 0.15 -0.00790442 0.00378927 -0.0281666
0.4 0.15 -0.00973122 0.00394067 -0.0286195
0.45 0.15 -0.0117766 0.00393851 -0.0276917
0.5 0.15 -0.0138005 0.0037775 -0.0269894
0.55 0.15 -0.0158074 0.00355263 -0.0256817
0.6 0.15 -0.0177029 0.00327367 -0.0241499
0.65 0.15 -0.0194601 0.00295726 -0.0222631
0.7 0.15 -0.0210399 0.00260786 -0.0201206
0.75 0.15 -0.0224208 0.00223081 -0.0177282
0.8 0.15 -0.0235823 0.00183011 -0.0151327
0.85 0.15 -0.0245102 0.00140996 -0.0123657
0.9 0.15 -0.0251928 0.000974443 -0.0094668
0.95 0.15 -0.0256219 0.000527683 -0.00647389
1 0.15 -0.0257918 7.39312e-05 -0.00342715
1.05 0.15 -0.0256997 -0.000382319 -0.000367149
1.1 0.15 -0.0253457 -0.000836175 0.00266475
1.15 0.15 -0.0247328 -0.00128217 0.00562702
1.2 0.15 -0.0238677 -0.00171411 0.00847835
1.25 0.15 -0.0227606 -0.00212487 0.0111782
1.3 0.15 -0.0214263 -0.0025063 0.0136876
1.35 0.15 -0.0198844 -0.00284909 0.0159697
1.4 0.15 -0.0181601 -0.00314274 0.0179913
1.45 0.15 -0.0162846 -0.00337562 0.0197232
1.5 0.15 -0.0142955 -0.00353508 0.0211426
1.55 0.15 -0.0122376 -0.00360788 0.0222325
1.6 0.15 -0.0101619 -0.00358067 0.0229888
1.65 0.15 -0.00812683 -0.00344121 0.023408
1.7 0.15 -0.00619365 -0.00317955 0.0235237
1.75 0.15 -0.00442493 -0.00279065 0.0233488
1.8 0.15 -0.0028877 -0.00227829 0.0229243
1.85 0.15 -0.00165579 -0.00166241 0.0222724
1.9 0.15 -0.000741246 -0.0010002 0.0216956
1.95 0.15 -0.000237921 -0.000369291 0.0206312
2 0.15 0 0 0.0206312
0 0.2 0 0 -0.0267222
0.05 0.2 -0.000342233 0.000608562 -0.0267222
0.1 0.2 -0.00103751 0.00151063 -0.028067
0.15 0.2 -0.00226139 0.00246451 -0.028653
0.2 0.2 -0.00388964 0.00340968 -0.0293082
0.25 0.2 -0.0058699 0.00431285 -0.02941
0.3 0.2 -0.00810783 0.00514247 -0.0293749
0.35 0.2 -0.0103883 0.00585981 -0.0284067
0.4 0.2 -0.0127162 0.00612962 -0.0282375
0.45 0.2 -0.0151734 0.00617655 -0.0273
0.5 0.2 -0.017622 0.0060074 -0.0264152
0.55 0.2 -0.0200342 0.00570652 -0.0250905
0.6 0.2 -0.022325 0.00529777 -0.0235503
0.65 0.2 -0.0244529 0.00480875 -0.0217018
0.7 0.2 -0.0263722 0.00425366 -0.0196139
0.75 0.2 -0.0280527 0.0036453 -0.0172926
0.8 0.2 -0.0294683 0.0029934 -0.0147775
0.85 0.2 -0.0305998 0.00230676 -0.0120979
0.9 0.2 -0.0314322 0.0015933 -0.00929073
0.95 0.2 -0.0319546 0.000860577 -0.0063921
1 0.2 -0.0321599 0.000116072 -0.00344055
1.05 0.2 -0.0320446 -0.000632509 -0.000475182
1.1 0.2 -0.0316085 -0.00137691 0.00246406
1.15 0.2 -0.0308556 -0.00210801 0.00533707
1.2 0.2 -0.0297938 -0.00281556 0.00810398
1.25 0.2 -0.0284359 -0.00348788 0.0107258
1.3 0.2 -0.0267999 -0.00411168 0.0131651
1.35 0.2 -0.0249097 -0.0046719 0.0153866
1.4 0.2 -0.0227957 -0.00515168 0.0173589
1.45 0.2 -0.0204956 -0.00553248 0.0190542
1.5 0.2 -0.0180546 -0.00579445 0.0204511
1.55 0.2 -0.015526 -0.005917 0.0215333
1.6 0.2 -0.0129703 -0.00587982 0.0222962
1.65 0.2 -0.0104559 -0.00566459 0.022737
1.7 0.2 -0.0080555 -0.00525679 0.0228764
1.75 0.2 -0.00584193 -0.00465078 0.0227462
1.8 0.2 -0.00389168 -0.00385786 0.0223357
1.85 0.2 -0.00229643 -0.00289891 0.0216526
1.9 0.2 -0.00107364 -0.00184835 0.0210522
1.95 0.2 -0.000363745 -0.000798949 0.0197177
2 0.2 0 0 0.0197177
0 0.25 0 0 -0.0257378
0.05 0.25 -0.000481611 0.00118815 -0.0257378
0.1 0.25 -0.0013982 0.00262222 -0.0273715
0.15 0.25 -0.0029393 0.00405266 -0.0279864
0.2 0.25 -0.00491738 0.00539831 -0.0286947
0.25 0.25 -0.00727163 0.00659869 -0.0288814
0.3 0.25 -0.00988134 0.00760486 -0.0289264
0.35 0.25 -0.0125941 0.0083773 -0.0283631
0.4 0.25 -0.0153776 0.00874938 -0.0280433
0.45 0.25 -0.0182372 0.00883136 -0.0271932
0.5 0.25 -0.0210772 0.0086402 -0.0262475
0.55 0.25 -0.0238529 0.0082475 -0.0249305
0.6 0.25 -0.0264883 0.0076881 -0.0233804
0.65 0.25 -0.0289345 0.0069985 -0.0215433
0.7 0.25 -0.0311425 0.00620295 -0.0194706
0.75 0.25 -0.0330767 0.00532246 -0.017173
0.8 0.25 -0.0347069 0.00437366 -0.0146856
0.85 0.25 -0.0360103 0.00337103 -0.0120373
0.9 0.25 -0.036969 0.00232734 -0.00926314
0.95 0.25 -0.0375703 0.00125444 -0.00639831
1 0.25 -0.0378055 0.000163781 -0.00348032
1.05 0.25 -0.0376704 -0.000932973 -0.000547458
1.1 0.25 -0.0371646 -0.0020235 0.00236107
1.15 0.25 -0.0362926 -0.00309433 0.00520581
1.2 0.25 -0.0350634 -0.00413038 0.00794744
1.25 0.25 -0.0334914 -0.0051146 0.0105474
1.3 0.25 -0.031597 -0.00602766 0.0129688
1.35 0.25 -0.0294074 -0.0068478 0.0151767
1.4 0.25 -0.0269572 -0.00755081 0.0171395
1.45 0.25 -0.024289 -0.00811025 0.0188296
1.5 0.25 -0.0214539 -0.00849804 0.0202249
1.55 0.25 -0.0185119 -0.00868537 0.0213084
1.6 0.25 -0.0155311 -0.0086443 0.022073
1.65 0.25 -0.0125879 -0.00834975 0.0225129
1.7 0.25 -0.00976378 -0.00778315 0.0226435
1.75 0.25 -0.00714667 -0.00693523 0.0224624
1.8 0.25 -0.00481729 -0.00582202 0.0220577
1.85 0.25 -0.00288241 -0.00446727 0.0212757
1.9 0.25 -0.0013727 -0.00295442 0.0206018
1.95 0.25 -0.000474635 -0.00138316 0.0189623
2 0.25 0 0 0.0189623
0 0.3 0 0 -0.0250599
0.05 0.3 -0.000593642 0.00192914 -0.0250599
0.1 0.3 -0.00169663 0.00399567 -0.0270125
0.15 0.3 -0.00351582 0.00596403 -0.0277213
0.2 0.3 -0.0058078 0.00774447 -0.0285472
0.25 0.3 -0.00850775 0.00926342 -0.0288382
0.3 0.3 -0.0114779 0.0104709 -0.028946
0.35 0.3 -0.0145955 0.0113366 -0.0285748
0.4 0.3 -0.0177947 0.0117819 -0.0281632
0.45 0.3 -0.0210372 0.0118706 -0.0273395
0.5 0.3 -0.0242415 0.0116284 -0.0263366
0.55 0.3 -0.0273524 0.0111182 -0.0250063
0.6 0.3 -0.0302995 0.0103827 -0.0234327
0.65 0.3 -0.0330297 0.00946495 -0.0215877
0.7 0.3 -0.0354928 0.00839825 -0.0195098
0.75 0.3 -0.0376498 0.00721153 -0.0172131
0.8 0.3 -0.0394678 0.00592857 -0.0147291
0.85 0.3 -0.0409214 0.00457005 -0.0120861
0.9 0.3 -0.0419907 0.00315415 -0.00931772
0.95 0.3 -0.0426613 0.00169754 -0.00645854
1 0.3 -0.0429235 0.000216241 -0.00354524
1.05 0.3 -0.0427723 -0.00127368 -0.000615608
1.1 0.3 -0.042207 -0.00275532 0.00229158
1.15 0.3 -0.0412321 -0.00421032 0.00513714
1.2 0.3 -0.0398574 -0.00561824 0.00788193
1.25 0.3 -0.0380982 -0.00695603 0.0104875
1.3 0.3 -0.0359768 -0.0081977 0.0129166
1.35 0.3 -0.0335228 -0.00931403 0.0151342
1.4 0.3 -0.0307737 -0.0102727 0.0171084
1.45 0.3 -0.0277761 -0.0110385 0.0188105
1.5 0.3 -0.0245859 -0.0115745 0.0202179
1.55 0.3 -0.0212688 -0.0118427 0.0213114
1.6 0.3 -0.0178992 -0.0118068 0.0220828
1.65 0.3 -0.0145615 -0.0114343 0.0225214
1.7 0.3 -0.0113448 -0.0107015 0.022646
1.75 0.3 -0.00834879 -0.00959569 0.0224302
1.8 0.3 -0.00566339 -0.008129 0.021977
1.85 0.3 -0.00341307 -0.00633157 0.0210829
1.9 0.3 -0.00163858 -0.00428784 0.0203203
1.95 0.3 -0.000571041 -0.00209884 0.0183852
2 0.3 0 0 0.0183852
0 0.35 0 0 -0.0246586
0.05 0.35 -0.000685524 0.00279559 -0.0246586
0.1 0.35 -0.00194923 0.00558417 -0.0269055
0.15 0.35 -0.00401773 0.00814904 -0.0277146
0.2 0.35 -0.00660026 0.0104013 -0.0286671
0.25 0.35 -0.00962786 0.0122661 -0.0290579
0.3 0.35 -0.0129475 0.0137015 -0.0292375
0.35 0.35 -0.0164453 0.0146882 -0.0289904
0.4 0.35 -0.0200319 0.0151971 -0.0285632
0.45 0.35 -0.0236415 0.0152748 -0.027768
0.5 0.35 -0.0271935 0.014957 -0.0267352
0.55 0.35 -0.0306241 0.0143038 -0.0253891
0.6 0.35 -0.0338648 0.0133651 -0.0237848
0.65 0.35 -0.0368599 0.0121908 -0.0219126
0.7 0.35 -0.0395587 0.0108224 -0.0198046
0.75 0.35 -0.04192 0.00929667 -0.0174781
0.8 0.35 -0.0439096 0.00764466 -0.0149632
0.85 0.35 -0.0455003 0.00589348 -0.0122883
0.9 0.35 -0.046671 0.00406701 -0.0094865
0.95 0.35 -0.0474061 0.00218714 -0.00659212
1 0.35 -0.0476948 0.000274735 -0.00364165
1.05 0.35 -0.0475314 -0.00164935 -0.000672839
1.1 0.35 -0.0469149 -0.0035633 0.00227545
1.15 0.35 -0.0458496 -0.0054435 0.00516376
1.2 0.35 -0.0443453 -0.00726368 0.00795252
1.25 0.35 -0.042418 -0.00899435 0.0106026
1.3 0.35 -0.040091 -0.0106022 0.013076
1.35 0.35 -0.0373955 -0.01205 0.0153367
1.4 0.35 -0.0343713 -0.0132964 0.0173513
1.45 0.35 -0.0310682 -0.0142969 0.0190896
1.5 0.35 -0.0275461 -0.0150043 0.0205271
1.55 0.35 -0.0238757 -0.0153709 0.0216422
1.6 0.35 -0.0201376 -0.0153507 0.0224244
1.65 0.35 -0.0164237 -0.0149028 0.0228579
1.7 0.35 -0.0128317 -0.0139962 0.0229618
1.75 0.35 -0.00947294 -0.0126137 0.0226949
1.8 0.35 -0.00644764 -0.0107635 0.0221808
1.85 0.35 -0.00389879 -0.00847567 0.0211611
1.9 0.35 -0.00187731 -0.00583282 0.0202971
1.95 0.35 -0.000655646 -0.00293355 0.0180747
2 0.35 0 0 0.0180747
0 0.4 0 0 -0.0246296
0.05 0.4 -0.000764066 0.00377359 -0.0246296
0.1 0.4 -0.00217167 0.00737121 -0.0271569
0.15 0.4 -0.00447148 0.010595 -0.0280748
0.2 0.4 -0.00733179 0.0133626 -0.0291617
0.25 0.4 -0.0106783 0.0156049 -0.0296473
0.3 0.4 -0.0143418 0.0172916 -0.0298945
0.35 0.4 -0.0182065 0.0184164 -0.0297231
0.4 0.4 -0.0221643 0.0189806 -0.0292925
0.45 0.4 -0.0261314 0.0190304 -0.0285046
0.5 0.4 -0.0300218 0.0186123 -0.0274394
0.55 0.4 -0.0337644 0.0177893 -0.0260619
0.6 0.4 -0.0372902 0.0166193 -0.0244118
0.65 0.4 -0.0405412 0.0151592 -0.0224915
0.7 0.4 -0.043466 0.0134589 -0.0203295
0.75 0.4 -0.0460226 0.0115628 -0.017946
0.8 0.4 -0.0481757 0.00950922 -0.0153703
0.85 0.4 -0.0498973 0.00733174 -0.0126314
0.9 0.4 -0.0511654 0.00506008 -0.00976234
0.95 0.4 -0.0519636 0.0027214 -0.00679758
1 0.4 -0.0522804 0.000341586 -0.00377379
1.05 0.4 -0.0521093 -0.00205358 -0.000729087
1.1 0.4 -0.0514488 -0.00443719 0.00229717
1.15 0.4 -0.0503027 -0.00678013 0.00526484
1.2 0.4 -0.0486803 -0.00905005 0.00813341
1.25 0.4 -0.0465979 -0.0112106 0.0108626
1.3 0.4 -0.0440791 -0.0132206 0.0134131
1.35 0.4 -0.0411558 -0.0150342 0.0157471
1.4 0.4 -0.0378699 -0.0166004 0.0178292
1.45 0.4 -0.0342736 -0.0178642 0.0196273
1.5 0.4 -0.0304303 -0.0187676 0.0211141
1.55 0.4 -0.0264156 -0.0192516 0.0222652
1.6 0.4 -0.0223164 -0.0192595 0.0230677
1.65 0.4 -0.0182324 -0.0187401 0.023501
1.7 0.4 -0.0142704 -0.0176539 0.0235844
1.75 0.4 -0.0105541 -0.0159767 0.0232639
1.8 0.4 -0.00719551 -0.013711 0.0226786
1.85 0.4 -0.0043569 -0.0108838 0.021527
1.9 0.4 -0.00209902 -0.00757382 0.020556
1.95 0.4 -0.000732823 -0.00387544 0.0180554
2 0.4 0 0 0.0180554
0 0.45 0 0 -0.0249794
0.05 0.45 -0.00083618 0.00485101 -0.0249794
0.1 0.45 -0.00237979 0.0093415 -0.0277745
0.15 0.45 -0.00490306 0.0132881 -0.0288013
0.2 0.45 -0.00803734 0.0166181 -0.0300227
0.25 0.45 -0.0117017 0.019272 -0.0305972
0.3 0.45 -0.0157096 0.021233 -0.0309101
0.35 0.45 -0.0199377 0.0225088 -0.0307921
0.4 0.45 -0.0242622 0.0231238 -0.030365
0.45 0.45 -0.0285849 0.0231314 -0.0295728
0.5 0.45 -0.0328127 0.0225907 -0.0284715
0.55 0.45 -0.0368673 0.0215718 -0.0270488
0.6 0.45 -0.0406774 0.020142 -0.0253369
0.65 0.45 -0.044183 0.0183665 -0.0233467
0.7 0.45 -0.0473321 0.0163038 -0.0211053
0.75 0.45 -0.0500818 0.0140062 -0.0186356
0.8 0.45 -0.0523967 0.0115193 -0.0159671
0.85 0.45 -0.0542482 0.00888318 -0.0131299
0.9 0.45 -0.055614 0.00613328 -0.0101572
0.95 0.45 -0.0564771 0.00330211 -0.00708422
1 0.45 -0.0568254 0.000420508 -0.0039482
1.05 0.45 -0.0566518 -0.00248082 -0.000787982
1.1 0.45 -0.0559539 -0.00536986 0.00235613
1.15 0.45 -0.0547345 -0.00821188 0.00544284
1.2 0.45 -0.0530026 -0.0109683 0.00843025
1.25 0.45 -0.0507734 -0.0135954 0.0112764
1.3 0.45 -0.0480706 -0.0160441 0.01394
1.35 0.45 -0.0449265 -0.0182589 0.0163807
1.4 0.45 -0.0413839 -0.0201785 0.018561
1.45 0.45 -0.0374972 -0.0217363 0.0204454
1.5 0.45 -0.0333332 -0.0228621 0.0220039
1.55 0.45 -0.0289724 -0.0234845 0.0232083
1.6 0.45 -0.024508 -0.0235341 0.0240432
1.65 0.45 -0.0200484 -0.022948 0.0244829
1.7 0.45 -0.0157105 -0.0216759 0.0245471
1.75 0.45 -0.0116314 -0.0196847 0.024171
1.8 0.45 -0.00793599 -0.0169694 0.0235091
1.85 0.45 -0.0048068 -0.0135513 0.0222204
1.9 0.45 -0.00231446 -0.00950491 0.0211369
1.95 0.45 -0.000806904 -0.00491944 0.0183595
2 0.45 0 0 0.0183595
0 0.5 0 0 -0.0257378
0.05 0.5 -0.000907163 0.00602522 -0.0257378
0.1 0.5 -0.00258642 0.0114927 -0.0287998
0.15 0.5 -0.00533497 0.0162288 -0.0299368
0.2 0.5 -0.00874849 0.0201714 -0.0312933
0.25 0.5 -0.0127383 0.0232724 -0.0319515
0.3 0.5 -0.0170992 0.02553 -0.032325
0.35 0.5 -0.0216972 0.0269674 -0.0322429
0.4 0.5 -0.0263939 0.0276289 -0.0318136
0.45 0.5 -0.0310785 0.0275803 -0.0310013
0.5 0.5 -0.0356496 0.0268951 -0.0298516
0.55 0.5 -0.0400224 0.0256539 -0.0283652
0.6 0.5 -0.0441223 0.0239353 -0.0265715
0.65 0.5 -0.0478872 0.021814 -0.0244872
0.7 0.5 -0.0512642 0.0193579 -0.0221396
0.75 0.5 -0.0542101 0.0166275 -0.019554
0.8 0.5 -0.0566895 0.0136757 -0.0167606
0.85 0.5 -0.0586739 0.0105492 -0.0137906
0.9 0.5 -0.0601409 0.00728905 -0.0106782
0.95 0.5 -0.0610731 0.00393291 -0.00745939
1 0.5 -0.0614581 0.000516386 -0.00417244
1.05 0.5 -0.0612878 -0.00292507 -0.00085725
1.1 0.5 -0.060559 -0.00635443 0.0024446
1.15 0.5 -0.0592731 -0.00973145 0.00569028
1.2 0.5 -0.0574378 -0.0130111 0.00883606
1.25 0.5 -0.0550675 -0.0161425 0.0118378
1.3 0.5 -0.0521846 -0.0190676 0.0146516
1.35 0.5 -0.0488214 -0.0217209 0.0172344
1.4 0.5 -0.045021 -0.0240298 0.0195453
1.45 0.5 -0.0408397 -0.025915 0.0215453
1.5 0.5 -0.0363473 -0.0272926 0.0232008
1.55 0.5 -0.0316293 -0.0280768 0.0244794
1.6 0.5 -0.0267858 -0.0281839 0.0253627
1.65 0.5 -0.0219348 -0.027537 0.0258197
1.7 0.5 -0.0172042 -0.0260728 0.0258705
1.75 0.5 -0.0127459 -0.0237471 0.0254401
1.8 0.5 -0.00869945 -0.0205455 0.0246991
1.85 0.5 -0.00526862 -0.0164823 0.0232676
1.9 0.5 -0.00253443 -0.0116272 0.0220664
1.95 0.5 -0.000882107 -0.00606494 0.0190046
2 0.5 0 0 0.0190046
0 0.55 0 0 -0.0269196
0.05 0.55 -0.000981353 0.00729799 -0.0269196
0.1 0.55 -0.0028025 0.0138293 -0.0302575
0.15 0.55 -0.00578699 0.0194246 -0.0315068
0.2 0.55 -0.00949387 0.0240328 -0.0330001
0.25 0.55 -0.0138255 0.0276179 -0.0337378
0.3 0.55 -0.0185564 0.0301944 -0.0341667
0.35 0.55 -0.0235401 0.0318024 -0.0341076
0.4 0.55 -0.0286233 0.0325059 -0.0336672
0.45 0.55 -0.0336836 0.0323868 -0.0328191
0.5 0.55 -0.0386107 0.0315349 -0.0316056
0.55 0.55 -0.0433134 0.0300445 -0.0300353
0.6 0.55 -0.0477133 0.0280069 -0.0281376
0.65 0.55 -0.0517463 0.0255084 -0.0259332
0.7 0.55 -0.0553588 0.0226268 -0.0234508
0.75 0.55 -0.0585075 0.0194316 -0.0207179
0.8 0.55 -0.0611574 0.0159832 -0.0177659
0.85 0.55 -0.0632804 0.0123346 -0.0146274
0.9 0.55 -0.0648543 0.00853254 -0.0113378
0.95 0.55 -0.0658618 0.00461942 -0.00793427
1 0.55 -0.0662899 0.000635317 -0.00445619
1.05 0.55 -0.0661299 -0.0033799 -0.000944904
1.1 0.55 -0.0653769 -0.0073845 0.00255643
1.15 0.55 -0.0640312 -0.0113329 0.0060031
1.2 0.55 -0.0620982 -0.0151738 0.00934913
1.25 0.55 -0.0595907 -0.0188486 0.0125477
1.3 0.55 -0.0565294 -0.0222902 0.015552
1.35 0.55 -0.0529454 -0.0254224 0.0183153
1.4 0.55 -0.048882 -0.0281601 0.0207928
1.45 0.55 -0.0443963 -0.03041 0.0229413
1.5 0.55 -0.0395613 -0.0320726 0.0247229
1.55 0.55 -0.0344675 -0.0330457 0.0261004
1.6 0.55 -0.0292225 -0.0332289 0.0270516
1.65 0.55 -0.0239544 -0.0325288 0.02754
1.7 0.55 -0.018804 -0.0308668 0.0275861
1.75 0.55 -0.0139395 -0.0281848 0.0271044
1.8 0.55 -0.00951645 -0.0244576 0.0262826
1.85 0.55 -0.00576236 -0.019691 0.024701
1.9 0.55 -0.00276939 -0.0139503 0.023375
1.95 0.55 -0.000962372 -0.00731671 0.0200105
2 0.55 0 0 0.0200105
0 0.6 0 0 -0.0285484
0.05 0.6 -0.00106229 0.0086763 -0.0285484
0.1 0.6 -0.00303732 0.0163636 -0.0321813
0.15 0.6 -0.00627671 0.0228922 -0.0335473
0.2 0.6 -0.0102997 0.0282221 -0.0351816
0.25 0.6 -0.0149983 0.0323297 -0.0359956
0.3 0.6 -0.0201249 0.0352471 -0.036474
0.35 0.6 -0.0255185 0.0370332 -0.0364254
0.4 0.6 -0.0310105 0.0377731 -0.0359612
0.45 0.6 -0.0364667 0.0375675 -0.0350594
0.5 0.6 -0.0417678 0.0365251 -0.0337629
0.55 0.6 -0.0468162 0.0347565 -0.0320858
0.6 0.6 -0.0515299 0.0323683 -0.0300587
0.65 0.6 -0.0558426 0.0294595 -0.0277062
0.7 0.6 -0.0597005 0.0261192 -0.0250584
0.75 0.6 -0.0630606 0.0224261 -0.0221452
0.8 0.6 -0.0658887 0.0184487 -0.0189996
0.85 0.6 -0.0681576 0.0142462 -0.0156558
0.9 0.6 -0.0698457 0.00987055 -0.0121504
0.95 0.6 -0.0709359 0.00536867 -0.008522
1 0.6 -0.071415 0.000784569 -0.00481142
1.05 0.6 -0.071273 -0.00383799 -0.00106156
1.1 0.6 -0.0705039 -0.00845306 0.00268259
1.15 0.6 -0.0691055 -0.0130101 0.00637414
1.2 0.6 -0.0670809 -0.0174515 0.00996454
1.25 0.6 -0.0644401 -0.0217113 0.0134039
1.3 0.6 -0.0612014 -0.0257127 0.0166418
1.35 0.6 -0.0573939 -0.0293682 0.0196276
1.4 0.6 -0.0530598 -0.0325788 0.0223117
1.45 0.6 -0.0482568 -0.0352355 0.0246459
1.5 0.6 -0.0430604 -0.0372215 0.0265872
1.55 0.6 -0.0375661 -0.0384155 0.0280926
1.6 0.6 -0.0318895 -0.0386974 0.0291357
1.65 0.6 -0.02617 -0.0379546 0.0296736
1.7 0.6 -0.0205625 -0.0360901 0.0297267
1.75 0.6 -0.0152537 -0.0330295 0.0291985
1.8 0.6 -0.0104176 -0.0287347 0.0282952
1.85 0.6 -0.00630784 -0.0232016 0.0265539
1.9 0.6 -0.00302955 -0.0164919 0.0250938
1.95 0.6 -0.00105148 -0.00868422 0.0213978
2 0.6 0 0 0.0213978
0 0.65 0 0 -0.0306505
0.05 0.65 -0.00115307 0.010171 -0.0306505
0.1 0.65 -0.00329925 0.0191147 -0.0346069
0.15 0.65 -0.00682023 0.0266566 -0.0360961
0.2 0.65 -0.0111905 0.0327677 -0.0378783
0.25 0.65 -0.0162898 0.0374375 -0.038766
0.3 0.65 -0.0218457 0.0407172 -0.0392877
0.35 0.65 -0.0276809 0.0426869 -0.0392369
0.4 0.65 -0.0336106 0.0434548 -0.0387339
0.45 0.65 -0.0394883 0.043144 -0.0377586
0.5 0.65 -0.0451855 0.0418846 -0.0363573
0.55 0.65 -0.0505983 0.0398065 -0.0345478
0.6 0.65 -0.0556413 0.0370334 -0.0323636
0.65 0.65 -0.0602466 0.0336791 -0.0298324
0.7 0.65 -0.0643606 0.029845 -0.0269866
0.75 0.65 -0.0679413 0.0256199 -0.0238585
0.8 0.65 -0.0709557 0.0210803 -0.0204827
0.85 0.65 -0.0733782 0.0162917 -0.0168951
0.9 0.65 -0.0751883 0.011311 -0.0131338
0.95 0.65 -0.0763695 0.00618882 -0.00923895
1 0.65 -0.0769082 0.000972571 -0.00525286
1.05 0.65 -0.0767936 -0.00429085 -0.00122014
1.1 0.65 -0.0760176 -0.00955194 0.00281224
1.15 0.65 -0.0745755 -0.0147557 0.00679503
1.2 0.65 -0.072467 -0.019839 0.0106768
1.25 0.65 -0.0696985 -0.024728 0.0144043
1.3 0.65 -0.0662846 -0.0293363 0.017923
1.35 0.65 -0.0622513 -0.033564 0.0211774
1.4 0.65 -0.0576387 -0.0372972 0.0241128
1.45 0.65 -0.0525041 -0.0404093 0.026675
1.5 0.65 -0.0469246 -0.0427633 0.0288149
1.55 0.65 -0.0410009 -0.0442164 0.0304827
1.6 0.65 -0.0348566 -0.0446255 0.0316467
1.65 0.65 -0.0286435 -0.0438548 0.0322564
1.7 0.65 -0.0225323 -0.0417856 0.032332
1.75 0.65 -0.0167307 -0.0383241 0.0317639
1.8 0.65 -0.0114336 -0.0334168 0.0307791
1.85 0.65 -0.006925 -0.0270485 0.0288658
1.9 0.65 -0.00332509 -0.0192777 0.02726
1.95 0.65 -0.00115315 -0.0101818 0.023192
2 0.65 0 0 0.023192
0 0.7 0 0 -0.0332605
0.05 0.7 -0.00125659 0.0117969 -0.0332605
0.1 0.7 -0.00359614 0.0221081 -0.0375782
0.15 0.7 -0.00743277 0.0307504 -0.0391994
0.2 0.7 -0.0121894 0.0377062 -0.0411385
0.25 0.7 -0.0177312 0.0429789 -0.0420975
0.3 0.7 -0.0237574 0.0466411 -0.0426555
0.35 0.7 -0.0300725 0.0487971 -0.0425887
0.4 0.7 -0.0364739 0.0495811 -0.0420292
0.45 0.7 -0.0428026 0.0491423 -0.0409582
0.5 0.7 -0.0489202 0.0476353 -0.0394268
0.55 0.7 -0.0547173 0.0452124 -0.0374568
0.6 0.7 -0.0601052 0.0420168 -0.0350848
0.65 0.7 -0.0650156 0.0381789 -0.032342
0.7 0.7 -0.0693953 0.0338139 -0.0292634
0.75 0.7 -0.0732044 0.0290213 -0.0258835
0.8 0.7 -0.0764122 0.0238857 -0.0222391
0.85 0.7 -0.0789953 0.0184789 -0.0183677
0.9 0.7 -0.0809348 0.0128619 -0.014309
0.95 0.7 -0.0822153 0.00708869 -0.0101046
1 0.7 -0.0828232 0.00120886 -0.0057984
1.05 0.7 -0.0827465 -0.00472842 -0.00143669
1.1 0.7 -0.081975 -0.0106711 0.00293151
1.15 0.7 -0.0805005 -0.0165605 0.00725449
1.2 0.7 -0.0783189 -0.0223284 0.0114778
1.25 0.7 -0.0754313 -0.0278935 0.0155444
1.3 0.7 -0.0718477 -0.0331598 0.0193953
1.35 0.7 -0.0675893 -0.038014 0.0229697
1.4 0.7 -0.0626925 -0.042326 0.0262067
1.45 0.7 -0.0572128 -0.0459495 0.0290453
1.5 0.7 -0.0512284 -0.0487247 0.031429
1.55 0.7 -0.0448439 -0.0504833 0.0333001
1.6 0.7 -0.0381914 -0.0510554 0.0346201
1.65 0.7 -0.0314361 -0.0502778 0.0353295
1.7 0.7 -0.0247661 -0.0480057 0.0354473
1.75 0.7 -0.0184129 -0.0441221 0.0348488
1.8 0.7 -0.0125959 -0.0385551 0.0337836
1.85 0.7 -0.00763426 -0.0312764 0.0316836
1.9 0.7 -0.00366647 -0.022342 0.0299179
1.95 0.7 -0.0012712 -0.0118286 0.0254262
2 0.7 0 0 0.0254262
0 0.75 0 0 -0.0364222
0.05 0.75 -0.00137568 0.0135724 -0.0364222
0.1 0.75 -0.00393566 0.0253754 -0.0411472
0.15 0.75 -0.00812917 0.0352138 -0.0429108
0.2 0.75 -0.0133188 0.0430821 -0.0450179
0.25 0.75 -0.0193522 0.048999 -0.0460457
0.3 0.75 -0.0258962 0.0530618 -0.0466317
0.35 0.75 -0.0327347 0.0554024 -0.0465329
0.4 0.75 -0.0396454 0.0561856 -0.0458964
0.45 0.75 -0.0464561 0.0555902 -0.0447044
0.5 0.75 -0.053019 0.0537996 -0.0430145
0.55 0.75 -0.0592191 0.0509916 -0.0408524
0.6 0.75 -0.0649656 0.0473318 -0.038259
0.65 0.75 -0.0701904 0.0429692 -0.035269
0.7 0.75 -0.0748426 0.0380339 -0.0319203
0.75 0.75 -0.078885 0.0326369 -0.0282499
0.8 0.75 -0.0822905 0.0268713 -0.0242966
0.85 0.75 -0.0850388 0.0208144 -0.0200997
0.9 0.75 -0.0871136 0.0145311 -0.0157005
0.95 0.75 -0.0885011 0.00807728 -0.011142
1 0.75 -0.0891879 0.00150394 -0.00646938
1.05 0.75 -0.0891611 -0.00513888 -0.00173066
1.1 0.75 -0.0884077 -0.0117977 0.00302322
1.15 0.75 -0.0869159 -0.0184117 0.00773811
1.2 0.75 -0.0846759 -0.024908 0.0123565
1.25 0.75 -0.0816831 -0.0311989 0.0168173
1.3 0.75 -0.0779405 -0.0371782 0.0210568
1.35 0.75 -0.0734629 -0.042719 0.0250082
1.4 0.75 -0.0682811 -0.0476735 0.0286037
1.45 0.75 -0.0624471 -0.0518732 0.0317742
1.5 0.75 -0.0560379 -0.0551324 0.0344547
1.55 0.75 -0.0491617 -0.0572532 0.0365777
1.6 0.75 -0.0419586 -0.0580339 0.0380965
1.65 0.75 -0.0346077 -0.0572789 0.0389403
1.7 0.75 -0.0273166 -0.0548119 0.0391259
1.75 0.75 -0.0203438 -0.0504876 0.0385101
1.8 0.75 -0.0139369 -0.0442119 0.0373678
1.85 0.75 -0.00845695 -0.0359407 0.0350644
1.9 0.75 -0.00406468 -0.0257274 0.0331227
1.95 0.75 -0.00140967 -0.0136489 0.0281434
2 0.75 0 0 0.0281434
0 0.8 0 0 -0.0401904
0.05 0.8 -0.00151324 0.0155193 -0.0401904
0.1 0.8 -0.00432559 0.0289542 -0.0453772
0.15 0.8 -0.00892414 0.040094 -0.0472951
0.2 0.8 -0.0146005 0.0489469 -0.0495825
0.25 0.8 -0.0211813 0.0555492 -0.0506751
0.3 0.8 -0.0282957 0.0600271 -0.0512786
0.35 0.8 -0.0357042 0.0625451 -0.0511288
0.4 0.8 -0.0431632 0.0633034 -0.050391
0.45 0.8 -0.0504866 0.0625157 -0.049049
0.5 0.8 -0.057517 0.0603985 -0.0471681
0.55 0.8 -0.0641351 0.057159 -0.0447789
0.6 0.8 -0.070249 0.0529882 -0.0419271
0.65 0.8 -0.0757924 0.048056 -0.0386512
0.7 0.8 -0.0807181 0.0425086 -0.0349924
0.75 0.8 -0.0849935 0.0364694 -0.0309905
0.8 0.8 -0.0885962 0.0300396 -0.0266862
0.85 0.8 -0.0915104 0.0233021 -0.0221206
0.9 0.8 -0.0937235 0.0163243 -0.0173363
0.95 0.8 -0.0952239 0.00916307 -0.0123775
1 0.8 -0.0959992 0.00186903 -0.00729075
1.05 0.8 -0.0960353 -0.0055084 -0.00212525
1.1 0.8 -0.0953166 -0.0129161 0.00306632
1.15 0.8 -0.0938264 -0.0202921 0.00822757
1.2 0.8 -0.0915488 -0.0275609 0.0132979
1.25 0.8 -0.0884713 -0.0346288 0.0182125
1.3 0.8 -0.0845882 -0.0413798 0.0229023
1.35 0.8 -0.0799056 -0.0476732 0.0272941
1.4 0.8 -0.0744461 -0.0533418 0.0313124
1.45 0.8 -0.0682555 -0.0581926 0.0348788
1.5 0.8 -0.0614079 -0.0620101 0.0379181
1.55 0.8 -0.0540129 -0.0645624 0.0403513
1.6 0.8 -0.0462176 -0.0656101 0.0421212
1.65 0.8 -0.0382157 -0.0649185 0.043143
1.7 0.8 -0.0302357 -0.0622733 0.0434298
1.75 0.8 -0.0225671 -0.0574943 0.0428153
1.8 0.8 -0.0154903 -0.0504602 0.0416026
1.85 0.8 -0.00941557 -0.0411074 0.0390783
1.9 0.8 -0.00453153 -0.0294855 0.0369425
1.95 0.8 -0.00157297 -0.0156721 0.0313995
2 0.8 0 0 0.0313995
0 0.85 0 0 -0.0446337
0.05 0.85 -0.00167233 0.0176634 -0.0446337
0.1 0.85 -0.0047739 0.0328882 -0.050345
0.15 0.85 -0.00983249 0.0454453 -0.0524295
0.2 0.85 -0.016056 0.0553587 -0.0549097
0.25 0.85 -0.0232452 0.0626862 -0.0560609
0.3 0.85 -0.0309858 0.0675885 -0.056668
0.35 0.85 -0.0390119 0.0702687 -0.0564439
0.4 0.85 -0.0470568 0.0709689 -0.0555758
0.45 0.85 -0.0549195 0.0699439 -0.0540497
0.5 0.85 -0.0624343 0.0674484 -0.0519408
0.55 0.85 -0.0694781 0.0637236 -0.0492849
0.6 0.85 -0.0759602 0.0589893 -0.0461337
0.65 0.85 -0.0818179 0.0534384 -0.0425298
0.7 0.85 -0.0870096 0.047235 -0.0385182
0.75 0.85 -0.0915094 0.0405151 -0.0341412
0.8 0.85 -0.0953017 0.0333883 -0.0294418
0.85 0.85 -0.0983764 0.0259418 -0.0244626
0.9 0.85 -0.100726 0.0182447 -0.0192474
0.95 0.85 -0.102343 0.0103531 -0.0138411
1 0.85 -0.103215 0.00231552 -0.00829103
1.05 0.85 -0.103328 -0.00582124 -0.0026475
1.1 0.85 -0.102663 -0.0140064 0.00303567
1.15 0.85 -0.101198 -0.0221792 0.00870024
1.2 0.85 -0.0989108 -0.0302629 0.014283
1.25 0.85 -0.0957778 -0.0381593 0.0197152
1.3 0.85 -0.0917831 -0.0457436 0.0249226
1.35 0.85 -0.0869211 -0.0528609 0.0298253
1.4 0.85 -0.0812031 -0.0593234 0.0343391
1.45 0.85 -0.0746655 -0.0649112 0.038375
1.5 0.85 -0.067376 -0.0693751 0.0418462
1.55 0.85 -0.059443 -0.0724433 0.0446594
1.6 0.85 -0.0510193 -0.0738319 0.0467446
1.65 0.85 -0.0423125 -0.0732592 0.0479994
1.7 0.85 -0.0335737 -0.0704646 0.0484308
1.75 0.85 -0.0251268 -0.0652247 0.0478443
1.8 0.85 -0.0172906 -0.0573839 0.0465735
1.85 0.85 -0.0105339 -0.0468534 0.0438111
1.9 0.85 -0.00507976 -0.0336774 0.041463
1.95 0.85 -0.00176593 -0.0179337 0.0352674
2 0.85 0 0 0.0352674
0 0.9 0 0 -0.0498371
0.05 0.9 -0.00185619 0.0200343 -0.0498371
0.1 0.9 -0.00528891 0.037227 -0.0561433
0.15 0.9 -0.010869 0.0513282 -0.0584063
0.2 0.9 -0.0177055 0.0623811 -0.0610909
0.25 0.9 -0.0255679 0.0704703 -0.0622902
0.3 0.9 -0.0339915 0.0757982 -0.062882
0.35 0.9 -0.0426809 0.0786147 -0.0625542
0.4 0.9 -0.0513437 0.079212 -0.0615205
0.45 0.9 -0.0597649 0.0778931 -0.0597701
0.5 0.9 -0.0677706 0.0749573 -0.0573901
0.55 0.9 -0.0752366 0.070685 -0.0544228
0.6 0.9 -0.0820754 0.0653281 -0.0509264
0.65 0.9 -0.0882306 0.0591055 -0.0469486
0.7 0.9 -0.0936689 0.0522003 -0.042538
0.75 0.9 -0.0983735 0.0447615 -0.03774
0.8 0.9 -0.102337 0.0369067 -0.0325994
0.85 0.9 -0.105559 0.0287267 -0.0271602
0.9 0.9 -0.108037 0.0202905 -0.0214669
0.95 0.9 -0.109767 0.0116516 -0.0155649
1 0.9 -0.110742 0.00285427 -0.00950182
1.05 0.9 -0.110946 -0.00605991 -0.00332802
1.1 0.9 -0.110357 -0.0150451 0.00290204
1.15 0.9 -0.108948 -0.024044 0.00912896
1.2 0.9 -0.106686 -0.0329813 0.0152874
1.25 0.9 -0.103538 -0.0417561 0.0213054
1.3 0.9 -0.0994737 -0.0502363 0.0271036
1.35 0.9 -0.0944729 -0.0582529 0.032595
1.4 0.9 -0.0885319 -0.0655972 0.0376862
1.45 0.9 -0.0816732 -0.0720195 0.0422765
1.5 0.9 -0.0739543 -0.0772327 0.0462652
1.55 0.9 -0.0654783 -0.0809188 0.0495423
1.6 0.9 -0.0564006 -0.0827416 0.0520217
1.65 0.9 -0.0469417 -0.0823624 0.0535791
1.7 0.9 -0.0373758 -0.0794636 0.0542124
1.75 0.9 -0.0280653 -0.073768 0.0536917
1.8 0.9 -0.0193728 -0.0650763 0.0523834
1.85 0.9 -0.0118368 -0.0532667 0.0493685
1.9 0.9 -0.00572311 -0.0383742 0.0467906
1.95 0.9 -0.00199388 -0.0204753 0.0398407
2 0.9 0 0 0.0398407
0 0.95 0 0 -0.0559056
0.05 0.95 -0.00206829 0.0226655 -0.0559056
0.1 0.95 -0.00587919 0.042026 -0.0628845
0.15 0.95 -0.0120484 0.0578088 -0.0653359
0.2 0.95 -0.019568 0.0700815 -0.0682335
0.25 0.95 -0.0281697 0.0789626 -0.0694644
0.3 0.95 -0.0373305 0.0847062 -0.0700146
0.35 0.95 -0.0467222 0.0876194 -0.0695455
0.4 0.95 -0.0560253 0.088054 -0.0683025
0.45 0.95 -0.0650108 0.0863705 -0.0662797
0.5 0.95 -0.073499 0.0829204 -0.0635783
0.55 0.95 -0.0813671 0.0780285 -0.0602481
0.6 0.95 -0.0885338 0.0719834 -0.0563553
0.65 0.95 -0.0949527 0.065032 -0.0519526
0.7 0.95 -0.100602 0.0573779 -0.0470932
0.75 0.95 -0.105476 0.0491836 -0.0418252
0.8 0.95 -0.109581 0.0405737 -0.0361953
0.85 0.95 -0.112923 0.0316412 -0.0302485
0.9 0.95 -0.115512 0.0224533 -0.0240293
0.95 0.95 -0.117348 0.0130586 -0.0175831
1 0.95 -0.118428 0.00349435 -0.0109568
1.05 0.95 -0.118735 -0.00620588 -0.00420024
1.1 0.95 -0.118247 -0.0160042 0.00263263
1.15 0.95 -0.116928 -0.0258503 0.00948222
1.2 0.95 -0.114736 -0.0356729 0.0162821
1.25 0.95 -0.111626 -0.0453715 0.0229577
1.3 0.95 -0.10755 -0.0548085 0.0294252
1.35 0.95 -0.10247 -0.0638024 0.0355907
1.4 0.95 -0.0963625 -0.0721228 0.0413513
1.45 0.95 -0.0892315 -0.0794886 0.0465931
1.5 0.95 -0.0811182 -0.0855701 0.0511999
1.55 0.95 -0.0721154 -0.0899965 0.0550415
1.6 0.95 -0.0623763 -0.0923696 0.0580122
1.65 0.95 -0.0521316 -0.0922822 0.0599604
1.7 0.95 -0.0416783 -0.0893462 0.0608707
1.75 0.95 -0.0314204 -0.0832172 0.060469
1.8 0.95 -0.0217708 -0.0736385 0.0591564
1.85 0.95 -0.0133498 -0.0604451 0.0558805
1.9 0.95 -0.00647614 -0.0436566 0.0530584
1.95 0.95 -0.00226264 -0.0233452 0.0452405
2 0.95 0 0 0.0452405
0 1 0 0 -0.0629684
0.05 1 -0.00231236 0.0255946 -0.0629684
0.1 1 -0.00655353 0.0473462 -0.0707041
0.15 1 -0.0133847 0.0649579 -0.0733504
0.2 1 -0.0216596 0.078529 -0.076464
0.25 1 -0.0310648 0.0882222 -0.0777007
0.3 1 -0.0410101 0.094356 -0.0781728
0.35 1 -0.0511311 0.0973078 -0.0775136
0.4 1 -0.0610803 0.0975018 -0.0760067
0.45 1 -0.0706164 0.0953665 -0.0736529
0.5 1 -0.0795566 0.0913138 -0.0705704
0.55 1 -0.0877835 0.0857198 -0.0668178
0.6 1 -0.0952264 0.0789138 -0.0624703
0.65 1 -0.101853 0.0711734 -0.0575865
0.7 1 -0.107655 0.0627237 -0.0522241
0.75 1 -0.112645 0.0537402 -0.046434
0.8 1 -0.116841 0.0443538 -0.0402645
0.85 1 -0.120265 0.0346578 -0.033761
0.9 1 -0.122934 0.0247155 -0.0269679
0.95 1 -0.124859 0.0145676 -0.0199291
1 1 -0.126039 0.00424155 -0.0126901
1.05 1 -0.126461 -0.00624057 -0.00529888
1.1 1 -0.126098 -0.0168525 0.00219227
1.15 1 -0.124909 -0.0275544 0.00972504
1.2 1 -0.122842 -0.0382832 0.0172332
1.25 1 -0.119836 -0.0489423 0.024641
1.3 1 -0.115825 -0.0593919 0.0318612
1.35 1 -0.110749 -0.0694399 0.0387936
1.4 1 -0.104558 -0.0788352 0.0453256
1.45 1 -0.0972333 -0.0872635 0.0513297
1.5 1 -0.0887914 -0.0943488 0.0566717
1.55 1 -0.0793082 -0.0996602 0.0611983
1.6 1 -0.0689281 -0.102727 0.0647796
1.65 1 -0.0578868 -0.103058 0.0672301
1.7 1 -0.046502 -0.100181 0.0685159
1.75 1 -0.0352216 -0.0936637 0.0683076
1.8 1 -0.0245148 -0.0831766 0.0670416
1.85 1 -0.0150975 -0.0684957 0.0635067
1.9 1 -0.00735396 -0.0496155 0.0604324
1.95 1 -0.00257848 -0.0265988 0.0516216
2 1 0 0 0.0516216
0 1.05 0 0 -0.0711851
0.05 1.05 -0.00259233 0.0288635 -0.0711851
0.1 1.05 -0.00732078 0.0532535 -0.0797669
0.15 1.05 -0.0148906 0.0728491 -0.0826078
0.2 1.05 -0.0239926 0.0877914 -0.0859315
0.25 1.05 -0.0342586 0.0983012 -0.0871349
0.3 1.05 -0.045022 0.104778 -0.0874776
0.35 1.05 -0.0558799 0.107688 -0.0865646
0.4 1.05 -0.0664566 0.107541 -0.0847248
0.45 1.05 -0.0765015 0.104847 -0.0819681
0.5 1.05 -0.0858332 0.100088 -0.0784328
0.55 1.05 -0.0943451 0.0936982 -0.074188
0.6 1.05 -0.101982 0.0860524 -0.0693191
0.65 1.05 -0.10873 0.0774608 -0.0638911
0.7 1.05 -0.114603 0.0681705 -0.0579663
0.75 1.05 -0.11963 0.0583695 -0.0515984
0.8 1.05 -0.123848 0.0481935 -0.0448369
0.85 1.05 -0.127294 0.0377339 -0.037727
0.9 1.05 -0.129998 0.0270471 -0.0303117
0.95 1.05 -0.131981 0.0161632 -0.022633
1 1.05 -0.133249 0.00509623 -0.0147333
1.05 1.05 -0.133791 -0.00614694 -0.00665753
1.1 1.05 -0.133578 -0.0175558 0.00154557
1.15 1.05 -0.132564 -0.0291055 0.00982066
1.2 1.05 -0.130686 -0.0407457 0.0181038
1.25 1.05 -0.127866 -0.0523884 0.0263196
1.3 1.05 -0.124017 -0.0638958 0.0343794
1.35 1.05 -0.119053 -0.0750689 0.0421779
1.4 1.05 -0.112895 -0.0856378 0.0495937
1.45 1.05 -0.105491 -0.0952552 0.0564847
1.5 1.05 -0.096827 -0.103495 0.0626977
1.55 1.05 -0.086951 -0.109859 0.0680526
1.6 1.05 -0.0759896 -0.113792 0.0723904
1.65 1.05 -0.0641762 -0.114706 0.0754842
1.7 1.05 -0.0518436 -0.112018 0.0772739
1.75 1.05 -0.0394843 -0.105191 0.0773618
1.8 1.05 -0.0276283 -0.0937965 0.0762183
1.85 1.05 -0.0171026 -0.0775316 0.0724428
1.9 1.05 -0.00837162 -0.0563509 0.0691194
1.95 1.05 -0.00294801 -0.0302987 0.0591825
2 1.05 0 0 0.0591825
0 1.1 0 0 -0.0807514
0.05 1.1 -0.00291247 0.0325182 -0.0807514
0.1 1.1 -0.00818978 0.059818 -0.0902717
0.15 1.1 -0.016577 0.0815564 -0.0932966
0.2 1.1 -0.0265729 0.0979303 -0.0968101
0.25 1.1 -0.0377437 0.109238 -0.0979226
0.3 1.1 -0.0493373 0.115984 -0.0980647
0.35 1.1 -0.0609103 0.11874 -0.0968138
0.4 1.1 -0.0720609 0.118125 -0.0945529
0.45 1.1 -0.0825345 0.114743 -0.0913042
0.5 1.1 -0.0921575 0.109158 -0.0872295
0.55 1.1 -0.100841 0.101868 -0.0824101
0.6 1.1 -0.108552 0.0932988 -0.0769427
0.65 1.1 -0.115301 0.0837941 -0.0708993
0.7 1.1 -0.121127 0.073623 -0.0643469
0.75 1.1 -0.126083 0.0629847 -0.0573414
0.8 1.1 -0.130227 0.0520173 -0.0499331
0.85 1.1 -0.133614 0.0408079 -0.0421662
0.9 1.1 -0.13629 0.0294029 -0.0340815
0.95 1.1 -0.138287 0.0178183 -0.0257173
1 1.1 -0.139618 0.00605091 -0.017112
1.05 1.1 -0.140278 -0.00591164 -0.00830499
1.1 1.1 -0.140238 -0.018079 0.000660119
1.15 1.1 -0.139446 -0.0304465 0.00973342
1.2 1.1 -0.137828 -0.0429818 0.0188556
1.25 1.1 -0.13529 -0.0556111 0.0279546
1.3 1.1 -0.131723 -0.0682044 0.0369424
1.35 1.1 -0.12701 -0.0805611 0.0457112
1.4 1.1 -0.121038 -0.0923965 0.054132
1.45 1.1 -0.113715 -0.103332 0.0620491
1.5 1.1 -0.104984 -0.112889 0.0692888
1.55 1.1 -0.094857 -0.120497 0.075641
1.6 1.1 -0.0834285 -0.125503 0.0809126
1.65 1.1 -0.0709178 -0.127202 0.0848261
1.7 1.1 -0.0576642 -0.12488 0.0872867
1.75 1.1 -0.0442012 -0.117864 0.0878113
1.8 1.1 -0.0311232 -0.105597 0.0869002
1.85 1.1 -0.0193834 -0.087668 0.0829284
1.9 1.1 -0.00954351 -0.0639699 0.0793762
1.95 1.1 -0.00337805 -0.0345147 0.0681763
2 1.1 0 0 0.0681763
0 1.15 0 0 -0.0919101
0.05 1.15 -0.00327745 0.036609 -0.0919101
0.1 1.15 -0.00916934 0.0671125 -0.102462
0.15 1.15 -0.018452 0.0911502 -0.105644
0.2 1.15 -0.0293976 0.108995 -0.109306
0.25 1.15 -0.0414954 0.121051 -0.110243
0.3 1.15 -0.053898 0.127952 -0.110085
0.35 1.15 -0.0661226 0.130409 -0.108385
0.4 1.15 -0.0777458 0.129166 -0.10559
0.45 1.15 -0.088517 0.124942 -0.101738
0.5 1.15 -0.0982795 0.118394 -0.097018
0.55 1.15 -0.106971 0.110092 -0.0915258
0.6 1.15 -0.114589 0.100512 -0.0853702
0.65 1.15 -0.121176 0.0900359 -0.0786305
0.7 1.15 -0.126801 0.0789521 -0.0713781
0.75 1.15 -0.131544 0.0674688 -0.0636709
0.8 1.15 -0.135488 0.0557239 -0.0555589
0.85 1.15 -0.13871 0.0437964 -0.0470842
0.9 1.15 -0.141272 0.0317194 -0.0382842
0.95 1.15 -0.143219 0.0194912 -0.0291921
1 1.15 -0.144577 0.00708746 -0.0198401
1.05 1.15 -0.145343 -0.00552757 -0.0102605
1.1 1.15 -0.145492 -0.0183886 -0.000488854
1.15 1.15 -0.144968 -0.0315161 0.00943296
1.2 1.15 -0.143688 -0.044902 0.0194535
1.25 1.15 -0.141542 -0.0584934 0.0295073
1.3 1.15 -0.138397 -0.0721756 0.0395107
1.35 1.15 -0.134105 -0.085753 0.0493564
1.4 1.15 -0.128514 -0.0989327 0.058911
1.45 1.15 -0.121482 -0.111309 0.0680066
1.5 1.15 -0.112903 -0.122353 0.0764492
1.55 1.15 -0.102734 -0.131414 0.0839965
1.6 1.15 -0.0910235 -0.137733 0.0904154
1.65 1.15 -0.0779599 -0.140467 0.0953689
1.7 1.15 -0.0638744 -0.138743 0.0987151
1.75 1.15 -0.049333 -0.131715 0.0998667
1.8 1.15 -0.0349938 -0.118658 0.0993446
1.85 1.15 -0.0219509 -0.0990153 0.0952581
1.9 1.15 -0.0108824 -0.072584 0.0915243
1.95 1.15 -0.00387554 -0.0393229 0.0789266
2 1.15 0 0 0.0789266
0 1.2 0 0 -0.104959
0.05 1.2 -0.00369273 0.0411902 -0.104959
0.1 1.2 -0.0102684 0.0752106 -0.11663
0.15 1.2 -0.0205198 0.101693 -0.119919
0.2 1.2 -0.0324523 0.121016 -0.123656
0.25 1.2 -0.045465 0.133722 -0.124297
0.3 1.2 -0.0586078 0.140619 -0.123702
0.35 1.2 -0.0713625 0.142585 -0.121406
0.4 1.2 -0.0832932 0.14052 -0.11793
0.45 1.2 -0.0941653 0.135275 -0.113335
0.5 1.2 -0.103851 0.127611 -0.10784
0.55 1.2 -0.112327 0.118177 -0.101558
0.6 1.2 -0.11963 0.107503 -0.0946095
0.65 1.2 -0.125841 0.0960052 -0.0870814
0.7 1.2 -0.131066 0.0839901 -0.0790492
0.75 1.2 -0.135417 0.0716714 -0.0705716
0.8 1.2 -0.139004 0.0591825 -0.061697
0.85 1.2 -0.141925 0.0465907 -0.0524644
0.9 1.2 -0.144264 0.0339119 -0.0429057
0.95 1.2 -0.14608 0.0211229 -0.0330477
1 1.2 -0.147409 0.00817443 -0.022914
1.05 1.2 -0.148258 -0.0049968 -0.0125274
1.1 1.2 -0.148604 -0.018455 -0.00191277
1.15 1.2 -0.148391 -0.0322515 0.00889955
1.2 1.2 -0.147528 -0.0464086 0.0198697
1.25 1.2 -0.145893 -0.0609021 0.030943
1.3 1.2 -0.143331 -0.0756407 0.0420448
1.35 1.2 -0.139661 -0.0904439 0.0530732
1.4 1.2 -0.134688 -0.105019 0.0638944
1.45 1.2 -0.128216 -0.118942 0.0743322
1.5 1.2 -0.120075 -0.131637 0.0841739
1.55 1.2 -0.110155 -0.142375 0.0931439
1.6 1.2 -0.0984379 -0.150278 0.100965
1.65 1.2 -0.0850576 -0.154347 0.107229
1.7 1.2 -0.0703157 -0.153517 0.111735
1.75 1.2 -0.0547947 -0.146725 0.113768
1.8 1.2 -0.0392091 -0.133029 0.113854
1.85 1.2 -0.0248053 -0.111671 0.109789
1.9 1.2 -0.0123983 -0.0823051 0.105959
1.95 1.2 -0.00444746 -0.0448054 0.0918423
2 1.2 0 0 0.0918423
0 1.25 0 0 -0.120277
0.05 1.25 -0.00416518 0.0463203 -0.120277
0.1 1.25 -0.0114968 0.0841838 -0.133145
0.15 1.25 -0.0227802 0.113232 -0.136455
0.2 1.25 -0.0357066 0.133987 -0.140145
0.25 1.25 -0.0495716 0.147187 -0.140315
0.3 1.25 -0.0633187 0.153859 -0.139094
0.35 1.25 -0.0764042 0.15509 -0.136005
0.4 1.25 -0.0883943 0.15197 -0.131659
0.45 1.25 -0.0990882 0.145499 -0.126145
0.5 1.25 -0.108404 0.136555 -0.119717
0.55 1.25 -0.116368 0.125869 -0.112503
0.6 1.25 -0.12307 0.114026 -0.10464
0.65 1.25 -0.128638 0.101471 -0.0962192
0.7 1.25 -0.133218 0.0885266 -0.087319
0.75 1.25 -0.136957 0.0754052 -0.0779976
0.8 1.25 -0.139994 0.0622311 -0.0683004
0.85 1.25 -0.142453 0.0490556 -0.0582611
0.9 1.25 -0.144434 0.0358731 -0.0479045
0.95 1.25 -0.146016 0.0226354 -0.0372483
1 1.25 -0.147244 0.00926466 -0.0263057
1.05 1.25 -0.148137 -0.00433347 -0.0150869
1.1 1.25 -0.148676 -0.0182569 -0.00360296
1.15 1.25 -0.148809 -0.0325926 0.00813092
1.2 1.25 -0.148442 -0.0474 0.0200908
1.25 1.25 -0.147442 -0.0626911 0.0322382
1.3 1.25 -0.145637 -0.0784081 0.044513
1.35 1.25 -0.142815 -0.0943968 0.0568249
1.4 1.25 -0.138738 -0.110378 0.0690464
1.45 1.25 -0.133152 -0.125921 0.0809984
1.5 1.25 -0.125815 -0.140413 0.092454
1.55 1.25 -0.11653 -0.15305 0.103106
1.6 1.25 -0.105189 -0.162832 0.112628
1.65 1.25 -0.0918451 -0.168585 0.120536
1.7 1.25 -0.0767379 -0.169017 0.12655
1.75 1.25 -0.0604393 -0.162799 0.129801
1.8 1.25 -0.0437026 -0.148704 0.130797
1.85 1.25 -0.0279313 -0.125702 0.126967
1.9 1.25 -0.014098 -0.0932376 0.123185
1.95 1.25 -0.00510097 -0.0510474 0.107453
2 1.25 0 0 0.107453
0 1.3 0 0 -0.138323
0.05 1.3 -0.00470431 0.0520638 -0.138323
0.1 1.3 -0.0128662 0.0941 -0.152443
0.15 1.3 -0.0252268 0.125789 -0.155635
0.2 1.3 -0.0391079 0.147859 -0.159089
0.25 1.3 -0.0536902 0.161314 -0.158541
0.3 1.3 -0.0678136 0.167462 -0.156431
0.35 1.3 -0.0809275 0.167656 -0.152291
0.4 1.3 -0.092624 0.163206 -0.146832
0.45 1.3 -0.10276 0.155283 -0.140179
0.5 1.3 -0.111318 0.14489 -0.132623
0.55 1.3 -0.118395 0.132842 -0.124312
0.6 1.3 -0.124142 0.119772 -0.115393
0.65 1.3 -0.12874 0.106151 -0.105962
0.7 1.3 -0.132381 0.0923071 -0.0960992
0.75 1.3 -0.13525 0.0784461 -0.0858582
0.8 1.3 -0.137514 0.0646771 -0.0752792
0.85 1.3 -0.139321 0.0510299 -0.0643884
0.9 1.3 -0.14079 0.0374736 -0.0532008
0.95 1.3 -0.142014 0.0239313 -0.0417229
1 1.3 -0.143052 0.0102942 -0.0299542
1.05 1.3 -0.143934 -0.00356605 -0.01789
1.1 1.3 -0.144649 -0.0177842 -0.00552392
1.15 1.3 -0.145151 -0.032487 0.00714819
1.2 1.3 -0.145349 -0.0477762 0.0201232
1.25 1.3 -0.145106 -0.0637082 0.0333842
1.3 1.3 -0.144237 -0.0802689 0.0468929
1.35 1.3 -0.142508 -0.0973437 0.0605783
1.4 1.3 -0.13964 -0.114683 0.0743277
1.45 1.3 -0.135321 -0.131865 0.0879682
1.5 1.3 -0.129229 -0.14826 0.101266
1.55 1.3 -0.121068 -0.163 0.113887
1.6 1.3 -0.110614 -0.174965 0.125457
1.65 1.3 -0.0978023 -0.182794 0.135407
1.7 1.3 -0.0827697 -0.184935 0.143362
1.75 1.3 -0.0660353 -0.179735 0.148273
1.8 1.3 -0.0483587 -0.165602 0.15059
1.85 1.3 -0.0312925 -0.141136 0.147315
1.9 1.3 -0.0159835 -0.105472 0.143805
1.95 1.3 -0.00584405 -0.0581385 0.126417
2 1.3 0 0 0.126417
0 1.35 0 0 -0.159723
0.05 1.35 -0.0053241 0.0584883 -0.159723
0.1 1.35 -0.0143917 0.105013 -0.175112
0.15 1.35 -0.0278449 0.139345 -0.177964
0.2 1.35 -0.0425725 0.162508 -0.180885
0.25 1.35 -0.0576339 0.175869 -0.179268
0.3 1.35 -0.0717812 0.181105 -0.175907
0.35 1.35 -0.0844881 0.179894 -0.170369
0.4 1.35 -0.0954079 0.173802 -0.163482
0.45 1.35 -0.104486 0.164191 -0.155413
0.5 1.35 -0.111797 0.152189 -0.146493
0.55 1.35 -0.117523 0.13869 -0.136888
0.6 1.35 -0.121887 0.124368 -0.126751
0.65 1.35 -0.125134 0.109709 -0.116182
0.7 1.35 -0.1275 0.0950341 -0.105255
0.75 1.35 -0.129207 0.080536 -0.0940175
0.8 1.35 -0.130449 0.0663 -0.0825007
0.85 1.35 -0.131394 0.0523295 -0.0707195
0.9 1.35 -0.132178 0.0385641 -0.0586764
0.95 1.35 -0.132907 0.0248958 -0.0463634
1 1.35 -0.133652 0.0111827 -0.0337639
1.05 1.35 -0.134452 -0.0027387 -0.0208544
1.1 1.35 -0.13531 -0.0170415 -0.00760786
1.15 1.35 -0.136188 -0.0318947 0.00600328
1.2 1.35 -0.137005 -0.0474464 0.0200019
1.25 1.35 -0.137629 -0.063804 0.0343992
1.3 1.35 -0.137871 -0.0810071 0.0491864
1.35 1.35 -0.137484 -0.0989948 0.0643216
1.4 1.35 -0.136159 -0.117566 0.0797174
1.45 1.35 -0.133531 -0.136331 0.0952195
1.5 1.35 -0.129198 -0.154666 0.110599
1.55 1.35 -0.122753 -0.171664 0.125505
1.6 1.35 -0.113833 -0.186099 0.139522
1.65 1.35 -0.102216 -0.196423 0.151993
1.7 1.35 -0.0878829 -0.200796 0.16243
1.75 1.35 -0.0712386 -0.197181 0.169579
1.8 1.35 -0.0529946 -0.183518 0.173776
1.85 1.35 -0.0348225 -0.157919 0.171533
1.9 1.35 -0.0180505 -0.119066 0.168637
1.95 1.35 -0.00668618 -0.0661635 0.149629
2 1.35 0 0 0.149629
0 1.4 0 0 -0.185203
0.05 1.4 -0.00604657 0.0656777 -0.185203
0.1 1.4 -0.0160939 0.116967 -0.201794
0.15 1.4 -0.0306049 0.153829 -0.203966
0.2 1.4 -0.0459669 0.177714 -0.205902
0.25 1.4 -0.061124 0.190497 -0.202725
0.3 1.4 -0.0747767 0.194327 -0.197619
0.35 1.4 -0.0864731 0.191277 -0.190238
0.4 1.4 -0.095977 0.183204 -0.181525
0.45 1.4 -0.103362 0.17167 -0.171706
0.5 1.4 -0.108823 0.157926 -0.161146
0.55 1.4 -0.112646 0.14293 -0.150024
0.6 1.4 -0.115138 0.127381 -0.138495
0.65 1.4 -0.116603 0.111762 -0.126654
0.7 1.4 -0.117325 0.0963777 -0.114564
0.75 1.4 -0.117556 0.0813929 -0.102261
0.8 1.4 -0.117514 0.0668624 -0.0897607
0.85 1.4 -0.117379 0.0527571 -0.0770636
0.9 1.4 -0.117299 0.038984 -0.0641555
0.95 1.4 -0.117387 0.0254024 -0.0510105
1 1.4 -0.117726 0.0118372 -0.0375926
1.05 1.4 -0.118364 -0.00191002 -0.0238568
1.1 1.4 -0.119317 -0.01605 -0.00975151
1.15 1.4 -0.120561 -0.0307938 0.00477817
1.2 1.4 -0.12203 -0.046338 0.0197861
1.25 1.4 -0.123606 -0.0628448 0.0353184
1.3 1.4 -0.125113 -0.0804159 0.0514038
1.35 1.4 -0.126303 -0.099058 0.0680401
1.4 1.4 -0.126854 -0.118638 0.0851789
1.45 1.4 -0.126362 -0.138827 0.1027
1.5 1.4 -0.124353 -0.15904 0.120395
1.55 1.4 -0.120308 -0.178365 0.137916
1.6 1.4 -0.113708 -0.195504 0.154815
1.65 1.4 -0.104132 -0.208739 0.170359
1.7 1.4 -0.0913429 -0.215927 0.183928
1.75 1.4 -0.0755494 -0.214594 0.194049
1.8 1.4 -0.0573304 -0.202099 0.200864
1.85 1.4 -0.0384108 -0.175907 0.200343
1.9 1.4 -0.0202876 -0.134041 0.198571
1.95 1.4 -0.007641 -0.0752148 0.178133
2 1.4 0 0 0.178133
0 1.45 0 0 -0.215967
0.05 1.45 -0.00690501 0.0737084 -0.215967
0.1 1.45 -0.0179986 0.129951 -0.233553
0.15 1.45 -0.0334494 0.169057 -0.234512
0.2 1.45 -0.0490786 0.193092 -0.234757
0.25 1.45 -0.063744 0.204645 -0.22931
0.3 1.45 -0.0761662 0.206461 -0.22177
0.35 1.45 -0.0860408 0.201084 -0.211943
0.4 1.45 -0.0933095 0.190687 -0.200892
0.45 1.45 -0.0982202 0.17703 -0.188908
0.5 1.45 -0.10112 0.161468 -0.176377
0.55 1.45 -0.102411 0.144998 -0.163483
0.6 1.45 -0.102487 0.12832 -0.150373
0.65 1.45 -0.101713 0.111892 -0.137122
0.7 1.45 -0.100409 0.0959838 -0.123775
0.75 1.45 -0.0988513 0.0807212 -0.110346
0.8 1.45 -0.0972667 0.0661193 -0.0968305
0.85 1.45 -0.0958421 0.0521113 -0.0832068
0.9 1.45 -0.0947269 0.0385694 -0.0694399
0.95 1.45 -0.0940372 0.0253201 -0.0554821
1 1.45 -0.0938591 0.0121568 -0.0412745
1.05 1.45 -0.0942499 -0.00115082 -0.0267472
1.1 1.45 -0.0952372 -0.0148479 -0.0118213
1.15 1.45 -0.0968158 -0.0291846 0.00358967
1.2 1.45 -0.098942 -0.0444038 0.0195753
1.25 1.45 -0.101524 -0.0607235 0.0362226
1.3 1.45 -0.10441 -0.0783126 0.0536071
1.35 1.45 -0.107374 -0.0972562 0.0717781
1.4 1.45 -0.110102 -0.117509 0.0907411
1.45 1.45 -0.112177 -0.138832 0.11043
1.5 1.45 -0.113076 -0.160719 0.13068
1.55 1.45 -0.112178 -0.182305 0.151175
1.6 1.45 -0.108803 -0.202273 0.171451
1.65 1.45 -0.1023 -0.218776 0.190728
1.7 1.45 -0.0921493 -0.229387 0.208242
1.75 1.45 -0.0782563 -0.231153 0.2223
1.8 1.45 -0.0609473 -0.220737 0.232737
1.85 1.45 -0.04188 -0.194762 0.234956
1.9 1.45 -0.0226691 -0.15031 0.235064
1.95 1.45 -0.00872688 -0.0853522 0.213612
2 1.45 0 0 0.213612
0 1.5 0 0 -0.25311
0.05 1.5 -0.00795139 0.0827189 -0.25311
0.1 1.5 -0.0201326 0.143949 -0.271157
0.15 1.5 -0.0362563 0.184748 -0.270096
0.2 1.5 -0.051548 0.208091 -0.267606
0.25 1.5 -0.064849 0.21756 -0.258943
0.3 1.5 -0.0750251 0.216639 -0.248077
0.35 1.5 -0.0820213 0.208416 -0.235082
0.4 1.5 -0.0860414 0.195385 -0.221097
0.45 1.5 -0.0875568 0.179479 -0.206493
0.5 1.5 -0.087091 0.162115 -0.191649
0.55 1.5 -0.0851703 0.144295 -0.176739
0.6 1.5 -0.0822707 0.126682 -0.161878
0.65 1.5 -0.0788041 0.109683 -0.147111
0.7 1.5 -0.0751144 0.0935151 -0.132448
0.75 1.5 -0.0714818 0.0782488 -0.11787
0.8 1.5 -0.0681309 0.0638518 -0.103344
0.85 1.5 -0.0652397 0.0502158 -0.0888198
0.9 1.5 -0.0629484 0.0371775 -0.0742355
0.95 1.5 -0.0613659 0.0245327 -0.0595181
1 1.5 -0.0605759 0.0120476 -0.0445824
1.05 1.5 -0.0606394 -0.000534709 -0.0293312
1.1 1.5 -0.0615957 -0.0134872 -0.0136554
1.15 1.5 -0.0634598 -0.0270927 0.0025654
1.2 1.5 -0.0662163 -0.0416342 0.0194604
1.25 1.5 -0.0698102 -0.0573817 0.0371631
1.3 1.5 -0.0741323 -0.0745708 0.0558031
1.35 1.5 -0.079001 -0.0933711 0.0754927
1.4 1.5 -0.0841396 -0.11384 0.0963073
1.45 1.5 -0.0891523 -0.135859 0.118257
1.5 1.5 -0.0935029 -0.159045 0.141249
1.55 1.5 -0.0965052 -0.182641 0.165033
1.6 1.5 -0.0973344 -0.205388 0.189166
1.65 1.5 -0.0950988 -0.225391 0.212866
1.7 1.5 -0.0889371 -0.239992 0.235222
1.75 1.5 -0.0783341 -0.245769 0.254375
1.8 1.5 -0.0632036 -0.238579 0.269697
1.85 1.5 -0.0449349 -0.213989 0.276084
1.9 1.5 -0.0251452 -0.16774 0.279173
1.95 1.5 -0.0099733 -0.0966825 0.257601
2 1.5 0 0 0.257601
0 1.55 0 0 -0.299674
0.05 1.55 -0.00925303 0.0927433 -0.299674
0.1 1.55 -0.0224994 0.158693 -0.317104
0.15 1.55 -0.0387767 0.200261 -0.312711
0.2 1.55 -0.0527709 0.221732 -0.30578
0.25 1.55 -0.0634443 0.228066 -0.292465
0.3 1.55 -0.070012 0.22362 -0.276963
0.35 1.55 -0.0727991 0.212074 -0.259786
0.4 1.55 -0.0723678 0.196204 -0.242074
0.45 1.55 -0.0694541 0.178063 -0.224274
0.5 1.55 -0.0647711 0.159068 -0.206705
0.55 1.55 -0.0589599 0.140165 -0.189506
0.6 1.55 -0.0525586 0.121943 -0.172721
0.65 1.55 -0.046002 0.104726 -0.156341
0.7 1.55 -0.0396318 0.088653 -0.14032
0.75 1.55 -0.033711 0.0737301 -0.124593
0.8 1.55 -0.0284397 0.0598705 -0.109083
0.85 1.55 -0.0239698 0.0469227 -0.0937032
0.9 1.55 -0.0204175 0.03469 -0.0783598
0.95 1.55 -0.0178733 0.0229425 -0.0629491
1 1.55 -0.0164095 0.0114256 -0.0473567
1.05 1.55 -0.0160852 -0.000135275 -0.0314556
1.1 1.55 -0.0169482 -0.0120315 -0.0151046
1.15 1.55 -0.0190339 -0.0245677 0.00185312
1.2 1.55 -0.0223602 -0.0380566 0.0195892
1.25 1.55 -0.0269181 -0.0528102 0.0382884
1.3 1.55 -0.0326573 -0.0691238 0.058142
1.35 1.55 -0.039464 -0.0872498 0.0793376
1.4 1.55 -0.0471337 -0.107356 0.102039
1.45 1.55 -0.0553355 -0.129465 0.126359
1.5 1.55 -0.0635744 -0.153359 0.152313
1.55 1.55 -0.0711544 -0.178462 0.179767
1.6 1.55 -0.0771597 -0.203665 0.208353
1.65 1.55 -0.0804792 -0.227146 0.237367
1.7 1.55 -0.0798893 -0.246136 0.265764
1.75 1.55 -0.0743354 -0.256819 0.291633
1.8 1.55 -0.0631303 -0.254192 0.313653
1.85 1.55 -0.0470852 -0.232563 0.32641
1.9 1.55 -0.027603 -0.18581 0.334155
1.95 1.55 -0.011409 -0.109133 0.31405
2 1.55 0 0 0.31405
0 1.6 0 0 -0.35647
0.05 1.6 -0.0108902 0.104112 -0.35647
0.1 1.6 -0.0250096 0.17404 -0.37087
0.15 1.6 -0.0404439 0.214895 -0.361316
0.2 1.6 -0.0516345 0.232879 -0.347628
0.25 1.6 -0.0578936 0.234814 -0.328024
0.3 1.6 -0.0590913 0.226032 -0.306481
0.35 1.6 -0.0560744 0.210792 -0.284164
0.4 1.6 -0.0498542 0.192059 -0.26204
0.45 1.6 -0.0414452 0.171897 -0.240616
0.5 1.6 -0.0317354 0.151634 -0.220072
0.55 1.6 -0.0214451 0.132094 -0.200466
0.6 1.6 -0.0111346 0.113734 -0.181735
0.65 1.6 -0.00122159 0.0967654 -0.163786
0.7 1.6 0.00799035 0.0812318 -0.146493
0.75 1.6 0.0162863 0.0670634 -0.129731
0.8 1.6 0.0235159 0.0541163 -0.113369
0.85 1.6 0.029574 0.0421983 -0.0972759
0.9 1.6 0.0343848 0.0310844 -0.0813211
0.95 1.6 0.0378892 0.0205269 -0.0653673
1 1.6 0.0400358 0.0102602 -0.0492698
1.05 1.6 0.0407746 3.02086e-06 -0.0328715
1.1 1.6 0.0400539 -0.0105414 -0.0159992
1.15 1.6 0.0378197 -0.0216856 0.00153949
1.2 1.6 0.034019 -0.0337569 0.0199587
1.25 1.6 0.0286083 -0.0470939 0.0394953
1.3 1.6 0.0215665 -0.0620367 0.0604056
1.35 1.6 0.0129173 -0.0789092 0.0829595
1.4 1.6 0.00275925 -0.0979859 0.107421
1.45 1.6 -0.00869078 -0.119438 0.134031
1.5 1.6 -0.0210458 -0.143249 0.162944
1.55 1.6 -0.0336824 -0.169082 0.194203
1.6 1.6 -0.045687 -0.196094 0.227569
1.65 1.6 -0.0558085 -0.222692 0.262539
1.7 1.6 -0.0625039 -0.246185 0.297975
1.75 1.6 -0.0641056 -0.262548 0.332151
1.8 1.6 -0.0591472 -0.265975 0.3628
1.85 1.6 -0.0474295 -0.249373 0.384775
1.9 1.6 -0.0297872 -0.204103 0.399448
1.95 1.6 -0.0130599 -0.122935 0.384081
2 1.6 0 0 0.384081
0 1.65 0 0 -0.434262
0.05 1.65 -0.0128731 0.116337 -0.434262
0.1 1.65 -0.0273222 0.188556 -0.44102
0.15 1.65 -0.0401423 0.226544 -0.422892
0.2 1.65 -0.046254 0.239081 -0.398127
0.25 1.65 -0.0456635 0.235374 -0.369212
0.3 1.65 -0.0393188 0.221693 -0.339099
0.35 1.65 -0.0287054 0.202745 -0.309932
0.4 1.65 -0.0153375 0.181499 -0.282201
0.45 1.65 -0.000467485 0.159882 -0.256406
0.5 1.65 0.0149023 0.139014 -0.23244
0.55 1.65 0.0300443 0.11952 -0.210196
0.6 1.65 0.044442 0.101681 -0.189429
0.65 1.65 0.0577523 0.0855674 -0.16991
0.7 1.65 0.0697561 0.0711158 -0.151401
0.75 1.65 0.0803233 0.0581788 -0.133689
0.8 1.65 0.0893817 0.0465602 -0.116573
0.85 1.65 0.0968945 0.0360342 -0.0998696
0.9 1.65 0.102842 0.0263581 -0.0834025
0.95 1.65 0.107209 0.0172776 -0.0669989
1 1.65 0.109975 0.00852884 -0.0504816
1.05 1.65 0.111105 -0.000162193 -0.0336633
1.1 1.65 0.11055 -0.00908266 -0.0163395
1.15 1.65 0.108241 -0.0185361 0.00171781
1.2 1.65 0.104092 -0.0288454 0.0207655
1.25 1.65 0.0980043 -0.0403544 0.0410946
1.3 1.65 0.0898785 -0.0534254 0.0630317
1.35 1.65 0.0796326 -0.0684302 0.0869401
1.4 1.65 0.0672308 -0.0857294 0.113204
1.45 1.65 0.0527289 -0.105633 0.142226
1.5 1.65 0.0363338 -0.128329 0.174353
1.55 1.65 0.0184939 -0.153769 0.209889
1.6 1.65 -1.37746e-05 -0.181465 0.248832
1.65 1.65 -0.0179457 -0.210233 0.291065
1.7 1.65 -0.0335837 -0.237714 0.33545
1.75 1.65 -0.0446708 -0.260001 0.380846
1.8 1.65 -0.0488689 -0.270738 0.423637
1.85 1.65 -0.0444262 -0.261523 0.459937
1.9 1.65 -0.0311035 -0.220534 0.485532
1.95 1.65 -0.0148339 -0.137244 0.480579
2 1.65 0 0 0.480579
0 1.7 0 0 -0.525436
0.05 1.7 -0.0149519 0.130628 -0.525436
0.1 1.7 -0.0283056 0.20216 -0.514981
0.15 1.7 -0.0352619 0.234085 -0.484945
0.2 1.7 -0.0329271 0.238716 -0.444978
0.25 1.7 -0.0223569 0.228127 -0.405091
0.3 1.7 -0.00604901 0.209264 -0.365296
0.35 1.7 0.0138865 0.186977 -0.329002
0.4 1.7 0.0354874 0.163952 -0.29573
0.45 1.7 0.057401 0.141771 -0.265882
0.5 1.7 0.0786387 0.121218 -0.238927
0.55 1.7 0.098581 0.102638 -0.214536
0.6 1.7 0.116847 0.0860994 -0.192236
0.65 1.7 0.133239 0.071517 -0.171643
0.7 1.7 0.147675 0.0587192 -0.152395
0.75 1.7 0.160144 0.0474894 -0.134187
0.8 1.7 0.170679 0.0375902 -0.116748
0.85 1.7 0.17933 0.0287766 -0.0998415
0.9 1.7 0.186145 0.0208019 -0.0832518
0.95 1.7 0.191162 0.0134196 -0.0667738
1 1.7 0.194396 0.00638243 -0.0502039
1.05 1.7 0.195837 -0.000561846 -0.0333304
1.1 1.7 0.195441 -0.00767473 -0.0159246
1.15 1.7 0.19313 -0.015233 0.00226899
1.2 1.7 0.188791 -0.0235349 0.0215411
1.25 1.7 0.182274 -0.0329058 0.0422273
1.3 1.7 0.173404 -0.0437022 0.0647145
1.35 1.7 0.161989 -0.0563119 0.0894498
1.4 1.7 0.147845 -0.0711474 0.116932
1.45 1.7 0.130832 -0.0886246 0.147725
1.5 1.7 0.110916 -0.109116 0.182382
1.55 1.7 0.0882648 -0.132864 0.221512
1.6 1.7 0.0633576 -0.159806 0.265411
1.65 1.7 0.0372114 -0.18932 0.314536
1.7 1.7 0.0114388 -0.219681 0.367856
1.75 1.7 -0.011329 -0.24756 0.425451
1.8 1.7 -0.0280436 -0.266577 0.482031
1.85 1.7 -0.034892 -0.26746 0.537294
1.9 1.7 -0.0300584 -0.234659 0.577628
1.95 1.7 -0.016334 -0.153139 0.594515
2 1.7 0 0 0.594515
0 1.75 0 0 -0.680844
0.05 1.75 -0.0159951 0.142493 -0.680844
0.1 1.75 -0.0253519 0.207856 -0.634084
0.15 1.75 -0.0212278 0.230192 -0.581636
0.2 1.75 -0.00590211 0.22527 -0.514375
0.25 1.75 0.0182958 0.207869 -0.455969
0.3 1.75 0.0469071 0.184892 -0.400825
0.35 1.75 0.0774484 0.160794 -0.353871
0.4 1.75 0.107737 0.137633 -0.312808
0.45 1.75 0.136583 0.116446 -0.277587
0.5 1.75 0.163216 0.0975907 -0.246896
0.55 1.75 0.187284 0.0811028 -0.219963
0.6 1.75 0.208652 0.0668398 -0.195941
0.65 1.75 0.227343 0.0545801 -0.174192
0.7 1.75 0.243458 0.0440699 -0.154168
0.75 1.75 0.257139 0.0350493 -0.135435
0.8 1.75 0.268539 0.0272647 -0.117633
0.85 1.75 0.277802 0.020474 -0.100461
0.9 1.75 0.285051 0.0144466 -0.0836568
0.95 1.75 0.290377 0.00896153 -0.0669823
1 1.75 0.293835 0.00380365 -0.0502076
1.05 1.75 0.295439 -0.00124156 -0.0330984
1.1 1.75 0.295156 -0.00639409 -0.0154032
1.15 1.75 0.292905 -0.0118864 0.00315982
1.2 1.75 0.288553 -0.0179712 0.0229155
1.25 1.75 0.281913 -0.0249296 0.0442468
1.3 1.75 0.272743 -0.0330796 0.0676087
1.35 1.75 0.260752 -0.0427836 0.0935476
1.4 1.75 0.245611 -0.0544535 0.122706
1.45 1.75 0.226978 -0.0685488 0.155861
1.5 1.75 0.204537 -0.0855574 0.19386
1.55 1.75 0.178097 -0.105951 0.237766
1.6 1.75 0.147678 -0.130061 0.288394
1.65 1.75 0.113814 -0.157884 0.347163
1.7 1.75 0.0776149 -0.188554 0.413524
1.75 1.75 0.0416468 -0.219819 0.489783
1.8 1.75 0.00912377 -0.246112 0.568606
1.85 1.75 -0.0138115 -0.258416 0.656405
1.9 1.75 -0.0235541 -0.237871 0.723085
1.95 1.75 -0.0161318 -0.164985 0.783024
2 1.75 0 0 0.783024
0 1.8 0 0 -0.815933
0.05 1.8 -0.0119017 0.15869 -0.815933
0.1 1.8 -0.0105591 0.209665 -0.702867
0.15 1.8 0.0133053 0.2172 -0.629618
0.2 1.8 0.0470189 0.200741 -0.53604
0.25 1.8 0.0879146 0.176823 -0.465072
0.3 1.8 0.129799 0.151168 -0.400256
0.35 1.8 0.170595 0.127063 -0.348056
0.4 1.8 0.208424 0.105543 -0.303786
0.45 1.8 0.242656 0.0869144 -0.266995
0.5 1.8 0.272998 0.0710466 -0.235688
0.55 1.8 0.299521 0.0576666 -0.208785
0.6 1.8 0.322428 0.0464501 -0.185188
0.65 1.8 0.342008 0.0370766 -0.164113
0.7 1.8 0.358564 0.0292483 -0.14491
0.75 1.8 0.372392 0.0226961 -0.127082
0.8 1.8 0.383762 0.0171795 -0.110226
0.85 1.8 0.3929 0.0124829 -0.094018
0.9 1.8 0.399992 0.0084111 -0.0781803
0.95 1.8 0.405176 0.00478456 -0.0624674
1 1.8 0.408537 0.0014336 -0.0466466
1.05 1.8 0.410112 -0.00180723 -0.0304836
1.1 1.8 0.409881 -0.00510535 -0.0137276
1.15 1.8 0.407765 -0.00863706 0.00390276
1.2 1.8 0.403626 -0.0125952 0.0227351
1.25 1.8 0.397254 -0.0171982 0.0431608
1.3 1.8 0.38837 -0.0226999 0.0656533
1.35 1.8 0.376615 -0.0294023 0.0907957
1.4 1.8 0.361549 -0.0376676 0.119294
1.45 1.8 0.34266 -0.0479331 0.152037
1.5 1.8 0.319374 -0.0607184 0.190044
1.55 1.8 0.291125 -0.076625 0.234694
1.6 1.8 0.257389 -0.0962853 0.287183
1.65 1.8 0.218002 -0.120267 0.349828
1.7 1.8 0.173121 -0.148682 0.422545
1.75 1.8 0.124546 -0.18077 0.510642
1.8 1.8 0.0744496 -0.2128 0.604659
1.85 1.8 0.030633 -0.237667 0.723762
1.9 1.8 -0.00296805 -0.234707 0.814789
1.95 1.8 -0.00963912 -0.17988 0.950685
2 1.8 0 0 0.950685
0 1.85 0 0 -1.22626
0.05 1.85 0.00762362 0.146666 -1.22626
0.1 1.85 0.0298865 0.173612 -0.959823
0.15 1.85 0.0837381 0.167816 -0.819222
0.2 1.85 0.140256 0.145802 -0.656585
0.25 1.85 0.198869 0.121941 -0.545807
0.3 1.85 0.252649 0.0995228 -0.452697
0.35 1.85 0.3011 0.080139 -0.383139
0.4 1.85 0.343372 0.0638718 -0.327736
0.45 1.85 0.379836 0.050463 -0.284088
0.5 1.85 0.41092 0.0395092 -0.248532
0.55 1.85 0.437234 0.0306116 -0.219009
0.6 1.85 0.459358 0.023413 -0.193769
0.65 1.85 0.477845 0.0176076 -0.171616
0.7 1.85 0.493179 0.0129379 -0.151641
0.75 1.85 0.505778 0.00918738 -0.133184
0.8 1.85 0.515991 0.00617265 -0.115742
0.85 1.85 0.524101 0.00373659 -0.0989283
0.9 1.85 0.530328 0.00174221 -0.0824293
0.95 1.85 0.534831 6.73288e-05 -0.0659776
1 1.85 0.537716 -0.00140027 -0.049327
1.05 1.85 0.539029 -0.00276749 -0.032233
1.1 1.85 0.538761 -0.00414062 -0.014434
1.15 1.85 0.536842 -0.00563043 0.00436685
1.2 1.85 0.53314 -0.00735799 0.0245215
1.25 1.85 0.527448 -0.00946155 0.0464611
1.3 1.85 0.519479 -0.0121052 0.0707229
1.35 1.85 0.50885 -0.0154898 0.0979925
1.4 1.85 0.49507 -0.0198674 0.129139
1.45 1.85 0.477525 -0.0255592 0.165314
1.5 1.85 0.455457 -0.0329784 0.207946
1.55 1.85 0.427989 -0.0426531 0.259095
1.6 1.85 0.394079 -0.0552395 0.320949
1.65 1.85 0.352779 -0.0715127 0.397644
1.7 1.85 0.302992 -0.0921969 0.491023
1.75 1.85 0.245073 -0.117759 0.611786
1.8 1.85 0.178727 -0.146821 0.750263
1.85 1.85 0.111917 -0.175846 0.946177
1.9 1.85 0.0452902 -0.187539 1.11009
1.95 1.85 0.0140524 -0.16145 1.41329
2 1.85 0 0 1.41329
0 1.9 0 0 -1.20404
0.05 1.9 0.0805723 0.157092 -1.20404
0.1 1.9 0.14435 0.145708 -0.791072
0.15 1.9 0.235531 0.121522 -0.665793
0.2 1.9 0.310654 0.0942486 -0.509379
0.25 1.9 0.378497 0.0719989 -0.418794
0.3 1.9 0.434852 0.0544299 -0.342785
0.35 1.9 0.482207 0.0408972 -0.288426
0.4 1.9 0.521354 0.030514 -0.245534
0.45 1.9 0.553731 0.022535 -0.21222
0.5 1.9 0.580407 0.0163908 -0.185273
0.55 1.9 0.602364 0.0116508 -0.163048
0.6 1.9 0.620398 0.00799666 -0.144133
0.65 1.9 0.635169 0.00518907 -0.127588
0.7 1.9 0.647213 0.00304618 -0.112702
0.75 1.9 0.656963 0.00142656 -0.0989609
0.8 1.9 0.664762 0.000217884 -0.085977
0.85 1.9 0.670881 -0.000671339 -0.0734531
0.9 1.9 0.675523 -0.00131756 -0.06115
0.95 1.9 0.678837 -0.00178654 -0.0488643
1 1.9 0.680916 -0.00213686 -0.0364094
1.05 1.9 0.681806 -0.00242286 -0.0235998
1.1 1.9 0.681504 -0.00269751 -0.0102369
1.15 1.9 0.679957 -0.00301542 0.00390567
1.2 1.9 0.677054 -0.00343617 0.0190979
1.25 1.9 0.672625 -0.00402862 0.0356726
1.3 1.9 0.666426 -0.00487648 0.0540478
1.35 1.9 0.658125 -0.00608608 0.0747619
1.4 1.9 0.647282 -0.00779792 0.098504
1.45 1.9 0.633323 -0.0102029 0.126204
1.5 1.9 0.615498 -0.0135681 0.159028
1.55 1.9 0.592861 -0.0182703 0.198725
1.6 1.9 0.564163 -0.0248515 0.247165
1.65 1.9 0.527979 -0.0340715 0.30827
1.7 1.9 0.48222 -0.0469782 0.383695
1.75 1.9 0.425562 -0.0649164 0.485913
1.8 1.9 0.354119 -0.0890074 0.604178
1.85 1.9 0.272482 -0.120194 0.798503
1.9 1.9 0.169097 -0.14925 0.950459
1.95 1.9 0.0942951 -0.164925 1.41039
2 1.9 0 0 1.41039
0 1.95 0 0 -2.77277
0.05 1.95 0.282511 -0.0434296 -2.77277
0.1 1.95 0.378879 -0.0314287 -1.59707
0.15 1.95 0.493748 -0.0249359 -1.2104
0.2 1.95 0.56982 -0.0196713 -0.860405
0.25 1.95 0.630702 -0.0176973 -0.663432
0.3 1.95 0.676122 -0.0166282 -0.521801
0.35 1.95 0.711378 -0.0161939 -0.427406
0.4 1.95 0.738678 -0.0159005 -0.359301
0.45 1.95 0.760114 -0.0156349 -0.309464
0.5 1.95 0.777038 -0.0153005 -0.271127
0.55 1.95 0.790488 -0.0148665 -0.240464
0.6 1.95 0.801213 -0.014314 -0.214775
0.65 1.95 0.809779 -0.0136381 -0.192329
0.7 1.95 0.816611 -0.0128394 -0.171933
0.75 1.95 0.822032 -0.0119227 -0.152782
0.8 1.95 0.826286 -0.0108952 -0.13431
0.85 1.95 0.829557 -0.00976484 -0.116112
0.9 1.95 0.831981 -0.00854006 -0.0978857
0.95 1.95 0.833652 -0.00722839 -0.0793855
1 1.95 0.83463 -0.00583607 -0.0603932
1.05 1.95 0.83494 -0.00436753 -0.0406921
1.1 1.95 0.834578 -0.002825 -0.0200447
1.15 1.95 0.83351 -0.00120819 0.00182882
1.2 1.95 0.831662 0.00048596 0.0252747
1.25 1.95 0.828925 0.00226351 0.0507348
1.3 1.95 0.825136 0.0041335 0.0787829
1.35 1.95 0.820075 0.00610799 0.110181
1.4 1.95 0.813437 0.00820109 0.145948
1.45 1.95 0.804813 0.0104288 0.187499
1.5 1.95 0.793637 0.012804 0.236756
1.55 1.95 0.779145 0.0153411 0.296645
1.6 1.95 0.760227 0.018032 0.371001
1.65 1.95 0.735445 0.0209064 0.466983
1.7 1.95 0.702388 0.0238995 0.591796
1.75 1.95 0.658696 0.027343 0.768403
1.8 1.95 0.59785 0.0310401 0.999411
1.85 1.95 0.520864 0.0375249 1.39433
1.9 1.95 0.399442 0.0441008 1.80579
1.95 1.95 0.298914 0.0559693 3.03528
2 1.95 0 0 3.03528
0 2 1 0 0
0.05 2 1 0 0
0.1 2 1 0 0
0.15 2 1 0 0
0.2 2 1 0 0
0.25 2 1 0 0
0.3 2 1 0 0
0.35 2 1 0 0
0.4 2 1 0 0
0.45 2 1 0 0
0.5 2 1 0 0
0.55 2 1 0 0
0.6 2 1 0 0
0.65 2 1 0 0
0.7 2 1 0 0
0.75 2 1 0 0
0.8 2 1 0 0
0.85 2 1 0 0
0.9 2 1 0 0
0.95 2 1 0 0
1 2 1 0 0
1.05 2 1 0 0
1.1 2 1 0 0
1.15 2 1 0 0
1.2 2 1 0 0
1.25 2 1 0 0
1.3 2 1 0 0
1.35 2 1 0 0
1.4 2 1 0 0
1.45 2 1 0 0
1.5 2 1 0 0
1.55 2 1 0 0
1.6 2 1 0 0
1.65 2 1 0 0
1.7 2 1 0 0
1.75 2 1 0 0
1.8 2 1 0 0
1.85 2 1 0 0
1.9 2 1 0 0
1.95 2 1 0 0
2 2 1 0 0
