0 0 0 0 -0.0592992
0.05 0 0 0 -0.0592992
0.1 0 0 0 -0.0603861
0.15 0 0 0 -0.0608089
0.2 0 0 0 -0.0604044
0.25 0 0 0 -0.0596293
0.3 0 0 0 -0.0437393
0.35 0 0 0 -0.0441386
0.4 0 0 0 -0.0464846
0.45 0 0 0 -0.0433317
0.5 0 0 0 -0.0407452
0.55 0 0 0 -0.0370726
0.6 0 0 0 -0.033125
0.65 0 0 0 -0.0287495
0.7 0 0 0 -0.0240941
0.75 0 0 0 -0.0191742
0.8 0 0 0 -0.0140458
0.85 0 0 0 -0.00874609
0.9 0 0 0 -0.00331858
0.95 0 0 0 0.00219576
1 0 0 0 0.0077548
1.05 0 0 0 0.0133167
1.1 0 0 0 0.0188397
1.15 0 0 0 0.0242823
1.2 0 0 0 0.0296036
1.25 0 0 0 0.0347633
1.3 0 0 0 0.0397225
1.35 0 0 0 0.0444434
1.4 0 0 0 0.0488896
1.45 0 0 0 0.0530268
1.5 0 0 0 0.0568225
1.55 0 0 0 0.0602464
1.6 0 0 0 0.0632705
1.65 0 0 0 0.0658704
1.7 0 0 0 0.0680164
1.75 0 0 0 0.069709
1.8 0 0 0 0.0709025
1.85 0 0 0 0.0715838
1.9 0 0 0 0.0718898
1.95 0 0 0 0.0715596
2 0 0 0 0.0715596
0 0.05 0 0 -0.0579001
0.05 0.05 0 0 -0.0579001
0.1 0.05 0 0 -0.0582938
0.15 0.05 0 0 -0.0578646
0.2 0.05 0 0 -0.0569707
0.25 0.05 0 0 -0.0551509
0.3 0.05 0 0 -0.0527219
0.35 0.05 -0.00162981 0.000686199 -0.0441386
0.4 0.05 -0.00192853 0.000554187 -0.0464846
0.45 0.05 -0.00253089 0.000446251 -0.0433317
0.5 0.05 -0.00290736 0.000342767 -0.0407452
0.55 0.05 -0.00326367 0.000276195 -0.0370726
0.6 0.05 -0.00355232 0.000228734 -0.033125
0.65 0.05 -0.00380575 0.000192948 -0.0287495
0.7 0.05 -0.0040208 0.000162628 -0.0240941
0.75 0.05 -0.00420289 0.000134802 -0.0191742
0.8 0.05 -0.00435181 0.000107941 -0.0140458
0.85 0.05 -0.00446825 8.13737e-05 -0.00874609
0.9 0.05 -0.00455202 5.48415e-05 -0.00331858
0.95 0.05 -0.00460309 2.82857e-05 0.00219576
1 0.05 -0.0046214 1.7465e-06 0.0077548
1.05 0.05 -0.00460701 -2.46893e-05 0.0133167
1.1 0.05 -0.0045601 -5.09086e-05 0.0188397
1.15 0.05 -0.00448101 -7.67841e-05 0.0242823
1.2 0.05 -0.00437025 -0.000102178 0.0296036
1.25 0.05 -0.0042285 -0.000126945 0.0347633
1.3 0.05 -0.00405661 -0.000150935 0.0397225
1.35 0.05 -0.00385564 -0.000173993 0.0444434
1.4 0.05 -0.00362683 -0.000195966 0.0488896
1.45 0.05 -0.00337162 -0.0002167 0.0530268
1.5 0.05 -0.00309165 -0.000236058 0.0568225
1.55 0.05 -0.00278873 -0.000253899 0.0602464
1.6 0.05 -0.00246493 -0.000270104 0.0632705
1.65 0.05 -0.00212242 -0.000284292 0.0658704
1.7 0.05 -0.00176476 -0.000296152 0.0680164
1.75 0.05 -0.0013945 -0.00030214 0.069709
1.8 0.05 -0.0010198 -0.000297665 0.0709025
1.85 0.05 -0.000663302 -0.000274361 0.0715838
1.9 0.05 -0.000337236 -0.00021956 0.0718898
1.95 0.05 -0.000118979 -0.000118442 0.0715596
2 0.05 0 0 0.0715596
0 0.1 0 0 -0.0579001
0.05 0.1 -0.000149085 0.000151698 -0.0579001
0.1 0.1 -0.000424535 0.000284501 -0.0582938
0.15 0.1 -0.00083993 0.000373481 -0.0578646
0.2 0.1 -0.00132247 0.000451719 -0.0569707
0.25 0.1 -0.00186241 0.00056565 -0.0551509
0.3 0.1 -0.00251869 0.000796033 -0.0527219
0.35 0.1 -0.00322447 0.00133719 -0.0479412
0.4 0.1 -0.00362807 0.00111069 -0.0467627
0.45 0.1 -0.00423004 0.000953411 -0.0433995
0.5 0.1 -0.00472545 0.000788232 -0.040452
0.55 0.1 -0.0052152 0.000669238 -0.0367443
0.6 0.1 -0.00564294 0.000572571 -0.0327958
0.65 0.1 -0.00602674 0.000491718 -0.0284534
0.7 0.1 -0.0063584 0.000418188 -0.0238375
0.75 0.1 -0.00664097 0.000348147 -0.0189599
0.8 0.1 -0.006873 0.000279317 -0.0138742
0.85 0.1 -0.00705466 0.00021074 -0.00861727
0.9 0.1 -0.00718543 0.000142049 -0.00323239
0.95 0.1 -0.00726511 7.32226e-05 0.00223944
1 0.1 -0.00729356 4.41096e-06 0.00775615
1.05 0.1 -0.00727085 -6.41421e-05 0.013276
1.1 0.1 -0.00719726 -0.000132139 0.0187573
1.15 0.1 -0.0070733 -0.00019925 0.0241588
1.2 0.1 -0.00689975 -0.000265117 0.0294396
1.25 0.1 -0.00667766 -0.000329366 0.03456
1.3 0.1 -0.00640836 -0.000391607 0.0394809
1.35 0.1 -0.00609347 -0.000451435 0.0441648
1.4 0.1 -0.00573492 -0.000508443 0.0485757
1.45 0.1 -0.00533498 -0.000562218 0.0526795
1.5 0.1 -0.0048962 -0.000612355 0.0564442
1.55 0.1 -0.00442154 -0.000658417 0.05984
1.6 0.1 -0.0039143 -0.000699904 0.0628405
1.65 0.1 -0.00337862 -0.000735733 0.0654203
1.7 0.1 -0.00281907 -0.000764214 0.0675648
1.75 0.1 -0.00224031 -0.000778802 0.0692584
1.8 0.1 -0.00165688 -0.000768503 0.0704644
1.85 0.1 -0.00110001 -0.000712741 0.0711843
1.9 0.1 -0.000585944 -0.000581851 0.0715668
1.95 0.1 -0.000221387 -0.000336174 0.0712295
2 0.1 0 0 0.0712295
0 0.15 0 0 -0.0574991
0.05 0.15 -0.000271921 0.000424348 -0.0574991
0.1 0.15 -0.000721381 0.000739932 -0.0578855
0.15 0.15 -0.00135566 0.00093678 -0.0573547
0.2 0.15 -0.00206144 0.00108128 -0.0564288
0.25 0.15 -0.00279999 0.00123925 -0.0546864
0.3 0.15 -0.00356685 0.00146109 -0.0526095
0.35 0.15 -0.00416146 0.00176027 -0.0490109
0.4 0.15 -0.00464205 0.00164268 -0.0471528
0.45 0.15 -0.00524134 0.00150783 -0.0439354
0.5 0.15 -0.00579031 0.00133159 -0.0408215
0.55 0.15 -0.00633418 0.00117625 -0.0370853
0.6 0.15 -0.00682597 0.00103133 -0.033079
0.65 0.15 -0.00727171 0.000897484 -0.0287004
0.7 0.15 -0.00766126 0.000768606 -0.0240471
0.75 0.15 -0.00799469 0.000642117 -0.0191354
0.8 0.15 -0.00826946 0.000516027 -0.0140156
0.85 0.15 -0.0084849 0.000389591 -0.00872465
0.9 0.15 -0.00864008 0.000262583 -0.0033056
0.95 0.15 -0.00873455 0.000135165 0.00220055
1 0.15 -0.00876802 7.70029e-06 0.00775164
1.05 0.15 -0.00874052 -0.000119326 0.0133058
1.1 0.15 -0.00865233 -0.00024535 0.0188211
1.15 0.15 -0.00850404 -0.000369756 0.024256
1.2 0.15 -0.00829653 -0.000491887 0.0295697
1.25 0.15 -0.00803102 -0.00061105 0.0347218
1.3 0.15 -0.00770905 -0.000726522 0.0396733
1.35 0.15 -0.00733254 -0.000837554 0.0443864
1.4 0.15 -0.00690376 -0.000943376 0.0488248
1.45 0.15 -0.00642536 -0.0010432 0.0529542
1.5 0.15 -0.00590041 -0.00113623 0.0567425
1.55 0.15 -0.00533242 -0.00122156 0.0601596
1.6 0.15 -0.00472534 -0.00129806 0.0631792
1.65 0.15 -0.00408419 -0.00136364 0.0657751
1.7 0.15 -0.00341446 -0.00141411 0.0679333
1.75 0.15 -0.00272201 -0.00144012 0.0696396
1.8 0.15 -0.00202305 -0.00142306 0.0708561
1.85 0.15 -0.00135318 -0.00132611 0.0715723
1.9 0.15 -0.000730358 -0.00109744 0.0719555
1.95 0.15 -0.000281326 -0.000664544 0.0715262
2 0.15 0 0 0.0715262
0 0.2 0 0 -0.0579074
0.05 0.2 -0.000336475 0.00082447 -0.0579074
0.1 0.2 -0.000873731 0.00136752 -0.0584002
0.15 0.2 -0.00161513 0.0016867 -0.0578948
0.2 0.2 -0.00241687 0.00188301 -0.0570158
0.25 0.2 -0.00323159 0.00203696 -0.0553923
0.3 0.2 -0.00402122 0.00218189 -0.0533996
0.35 0.2 -0.00466524 0.00232661 -0.0504669
0.4 0.2 -0.00523509 0.00222427 -0.0480569
0.45 0.2 -0.00584496 0.00208329 -0.0448202
0.5 0.2 -0.006422 0.00189352 -0.0415001
0.55 0.2 -0.00698648 0.0017053 -0.0376837
0.6 0.2 -0.00750567 0.00151606 -0.0335851
0.65 0.2 -0.00797864 0.00133029 -0.0291397
0.7 0.2 -0.00839516 0.00114498 -0.0244211
0.75 0.2 -0.00875297 0.000959254 -0.0194484
0.8 0.2 -0.0090487 0.000772076 -0.0142678
0.85 0.2 -0.00928089 0.000583304 -0.00891616
0.9 0.2 -0.0094482 0.000393123 -0.00343596
0.95 0.2 -0.00954991 0.000202038 0.00213165
1 0.2 -0.0095856 1.07204e-05 0.00774435
1.05 0.2 -0.0095552 -0.000180036 0.0133599
1.1 0.2 -0.00945895 -0.000369361 0.0189362
1.15 0.2 -0.00929743 -0.000556319 0.0244312
1.2 0.2 -0.00907156 -0.000739922 0.0298036
1.25 0.2 -0.00878259 -0.00091913 0.0350128
1.3 0.2 -0.00843216 -0.00109286 0.0400193
1.35 0.2 -0.00802228 -0.00125997 0.0447849
1.4 0.2 -0.00755536 -0.00141931 0.049273
1.45 0.2 -0.00703425 -0.00156967 0.0534488
1.5 0.2 -0.00646222 -0.0017098 0.0572799
1.55 0.2 -0.0058431 -0.00183829 0.0607359
1.6 0.2 -0.00518114 -0.00195331 0.0637905
1.65 0.2 -0.00448172 -0.00205171 0.0664177
1.7 0.2 -0.00375091 -0.00212702 0.0686026
1.75 0.2 -0.00299574 -0.00216579 0.0703308
1.8 0.2 -0.00223192 -0.00214355 0.0715675
1.85 0.2 -0.00149745 -0.00200464 0.0722862
1.9 0.2 -0.000811594 -0.00167192 0.0726778
1.95 0.2 -0.000314267 -0.00103346 0.0721879
2 0.2 0 0 0.0721879
0 0.25 0 0 -0.0587612
0.05 0.25 -0.00036594 0.00125978 -0.0587612
0.1 0.25 -0.00094394 0.00204215 -0.0593168
0.15 0.25 -0.00173459 0.00247878 -0.0588262
0.2 0.25 -0.00257634 0.00271215 -0.05798
0.25 0.25 -0.0034239 0.00284433 -0.0564408
0.3 0.25 -0.00423204 0.00291943 -0.0545076
0.35 0.25 -0.00493705 0.00295524 -0.0518627
0.4 0.25 -0.0055803 0.00284382 -0.0492472
0.45 0.25 -0.00622005 0.00268548 -0.0460127
0.5 0.25 -0.00682602 0.00247773 -0.0425554
0.55 0.25 -0.00740786 0.00225614 -0.0386546
0.6 0.25 -0.00794471 0.00202304 -0.0344464
0.65 0.25 -0.00843323 0.00178495 -0.0299012
0.7 0.25 -0.00886464 0.00154178 -0.0250781
0.75 0.25 -0.00923567 0.00129443 -0.0200011
0.8 0.25 -0.00954274 0.00104311 -0.0147142
0.85 0.25 -0.00978396 0.000788483 -0.00925513
0.9 0.25 -0.00995775 0.000531314 -0.00366623
0.95 0.25 -0.0100632 0.000272558 0.00201082
1 0.25 -0.0100998 1.32701e-05 0.00773326
1.05 0.25 -0.0100674 -0.000245404 0.0134583
1.1 0.25 -0.00996608 -0.000502252 0.0191432
1.15 0.25 -0.00979651 -0.000755997 0.0247452
1.2 0.25 -0.00955953 -0.0010053 0.0302225
1.25 0.25 -0.00925638 -0.00124875 0.0355337
1.3 0.25 -0.00888869 -0.00148487 0.0406386
1.35 0.25 -0.00845847 -0.00171214 0.0454982
1.4 0.25 -0.00796817 -0.00192895 0.0500753
1.45 0.25 -0.00742069 -0.00213366 0.0543343
1.5 0.25 -0.00681939 -0.00232451 0.058242
1.55 0.25 -0.00616819 -0.00249957 0.0617673
1.6 0.25 -0.00547149 -0.00265631 0.064883
1.65 0.25 -0.00473471 -0.00279047 0.0675626
1.7 0.25 -0.00396418 -0.00289362 0.0697876
1.75 0.25 -0.00316996 -0.0029476 0.0715337
1.8 0.25 -0.00236461 -0.00291948 0.0728164
1.85 0.25 -0.00158697 -0.00273692 0.0735358
1.9 0.25 -0.000860014 -0.00229366 0.073931
1.95 0.25 -0.000332804 -0.00143357 0.0733884
2 0.25 0 0 0.0733884
0 0.3 0 0 -0.0602617
0.05 0.3 -0.000378161 0.00171942 -0.0602617
0.1 0.3 -0.000975633 0.00275218 -0.0608709
0.15 0.3 -0.00179276 0.00330703 -0.0604013
0.2 0.3 -0.00265773 0.00357416 -0.0595809
0.25 0.3 -0.00353008 0.00368399 -0.0580885
0.3 0.3 -0.00436345 0.00370126 -0.0561631
0.35 0.3 -0.00512364 0.0036584 -0.0536303
0.4 0.3 -0.00582813 0.0035147 -0.0508645
0.45 0.3 -0.00650494 0.00332293 -0.0475731
0.5 0.3 -0.00714194 0.00308441 -0.0439725
0.55 0.3 -0.00774367 0.00282294 -0.0399552
0.6 0.3 -0.00829738 0.00254271 -0.0356104
0.65 0.3 -0.00879932 0.0022505 -0.0309323
0.7 0.3 -0.00924249 0.00194816 -0.0259703
0.75 0.3 -0.00962345 0.00163786 -0.0207526
0.8 0.3 -0.00993877 0.00132091 -0.0153218
0.85 0.3 -0.0101864 0.000998761 -0.00971651
0.9 0.3 -0.0103647 0.000672792 -0.00397947
0.95 0.3 -0.0104726 0.00034444 0.00184694
1 0.3 -0.0105097 1.51731e-05 0.00771924
1.05 0.3 -0.0104755 -0.000313495 0.0135939
1.1 0.3 -0.0103704 -0.000640001 0.0194271
1.15 0.3 -0.0101947 -0.000962719 0.0251756
1.2 0.3 -0.00994932 -0.00127995 0.0307964
1.25 0.3 -0.0096354 -0.00158993 0.0362472
1.3 0.3 -0.00925453 -0.00189077 0.0414869
1.35 0.3 -0.00880868 -0.00218054 0.0464754
1.4 0.3 -0.00830025 -0.00245718 0.0511746
1.45 0.3 -0.00773215 -0.00271856 0.0555479
1.5 0.3 -0.00710775 -0.00296245 0.0595611
1.55 0.3 -0.00643102 -0.00318634 0.0631821
1.6 0.3 -0.00570644 -0.00338699 0.0663832
1.65 0.3 -0.00493965 -0.00355905 0.069136
1.7 0.3 -0.00413692 -0.00369218 0.0714248
1.75 0.3 -0.00330941 -0.00376364 0.073216
1.8 0.3 -0.0024693 -0.0037293 0.0745327
1.85 0.3 -0.00165698 -0.00350196 0.0752625
1.9 0.3 -0.000897099 -0.00294342 0.0756644
1.95 0.3 -0.000346574 -0.00185054 0.0750833
2 0.3 0 0 0.0750833
0 0.35 0 0 -0.0623282
0.05 0.35 -0.000386225 0.00218748 -0.0623282
0.1 0.35 -0.000998234 0.00347766 -0.0629732
0.15 0.35 -0.00183718 0.00415291 -0.0625133
0.2 0.35 -0.00272482 0.00445518 -0.0617012
0.25 0.35 -0.00362453 0.00454757 -0.0602211
0.3 0.35 -0.00448974 0.00451865 -0.0582759
0.35 0.35 -0.00529919 0.00441437 -0.0557603
0.4 0.35 -0.0060563 0.00422991 -0.0528808
0.45 0.35 -0.00677322 0.00399649 -0.0495062
0.5 0.35 -0.00744407 0.00371801 -0.0457624
0.55 0.35 -0.00807035 0.0034105 -0.0416056
0.6 0.35 -0.00864404 0.00307888 -0.0371001
0.65 0.35 -0.00916165 0.00272962 -0.0322567
0.7 0.35 -0.00961777 0.00236581 -0.0271201
0.75 0.35 -0.0100092 0.00199053 -0.0217227
0.8 0.35 -0.0103329 0.00160601 -0.0161069
0.85 0.35 -0.0105868 0.00121441 -0.0103129
0.9 0.35 -0.0107694 0.000817684 -0.00438416
0.95 0.35 -0.0108798 0.000417741 0.00163575
1 0.35 -0.0109172 1.64559e-05 0.00770237
1.05 0.35 -0.0108815 -0.000384293 0.013771
1.1 0.35 -0.0107727 -0.000782598 0.0197969
1.15 0.35 -0.0105913 -0.0011765 0.0257355
1.2 0.35 -0.0103379 -0.00156394 0.0315427
1.25 0.35 -0.0100138 -0.00194279 0.037175
1.3 0.35 -0.00962032 -0.00231078 0.04259
1.35 0.35 -0.00915941 -0.00266551 0.0477465
1.4 0.35 -0.00863338 -0.0030045 0.0526047
1.45 0.35 -0.00804508 -0.00332511 0.0571269
1.5 0.35 -0.00739784 -0.00362454 0.0612776
1.55 0.35 -0.00669568 -0.00389969 0.0650233
1.6 0.35 -0.00594311 -0.00414655 0.068335
1.65 0.35 -0.00514599 -0.00435859 0.0711828
1.7 0.35 -0.00431067 -0.00452316 0.0735506
1.75 0.35 -0.0034492 -0.00461299 0.0754007
1.8 0.35 -0.00257375 -0.00457369 0.0767638
1.85 0.35 -0.00172653 -0.0043001 0.0775124
1.9 0.35 -0.000933842 -0.00362133 0.0779246
1.95 0.35 -0.000360215 -0.00228468 0.0773087
2 0.35 0 0 0.0773087
0 0.4 0 0 -0.0649917
0.05 0.4 -0.000395857 0.00266698 -0.0649917
0.1 0.4 -0.00102505 0.00422324 -0.0656694
0.15 0.4 -0.00188999 0.00502371 -0.0652108
0.2 0.4 -0.00280659 0.00536497 -0.0643925
0.25 0.4 -0.00374035 0.00544539 -0.0628954
0.3 0.4 -0.00464379 0.0053778 -0.0609027
0.35 0.4 -0.00550081 0.00522103 -0.0583434
0.4 0.4 -0.00630684 0.00499039 -0.0553431
0.45 0.4 -0.00706547 0.00470879 -0.051849
0.5 0.4 -0.00777243 0.00438224 -0.0479423
0.55 0.4 -0.00842728 0.00402232 -0.0436149
0.6 0.4 -0.00902451 0.00363427 -0.0389182
0.65 0.4 -0.00956097 0.00322415 -0.0338744
0.7 0.4 -0.0100325 0.00279585 -0.0285261
0.75 0.4 -0.0104362 0.00235305 -0.0229097
0.8 0.4 -0.0107695 0.00189869 -0.0170678
0.85 0.4 -0.0110306 0.00143552 -0.0110428
0.9 0.4 -0.0112182 0.000966005 -0.00487924
0.95 0.4 -0.0113313 0.000492475 0.00137794
1 0.4 -0.0113693 1.71795e-05 0.00768295
1.05 0.4 -0.011332 -0.00045767 0.0139898
1.1 0.4 -0.0112194 -0.000929851 0.0202522
1.15 0.4 -0.0110319 -0.00139708 0.0264244
1.2 0.4 -0.0107702 -0.00185699 0.0324608
1.25 0.4 -0.0104352 -0.00230707 0.0383163
1.3 0.4 -0.0100282 -0.00274466 0.0439472
1.35 0.4 -0.00955102 -0.00316696 0.0493104
1.4 0.4 -0.00900586 -0.00357096 0.0543649
1.45 0.4 -0.00839546 -0.00395351 0.059071
1.5 0.4 -0.00772309 -0.00431125 0.0633917
1.55 0.4 -0.00699277 -0.00464038 0.0672918
1.6 0.4 -0.00620906 -0.00493609 0.0707408
1.65 0.4 -0.00537801 -0.00519056 0.0737067
1.7 0.4 -0.00450616 -0.00538871 0.0761735
1.75 0.4 -0.00360632 -0.00549835 0.078099
1.8 0.4 -0.00269107 -0.00545451 0.0795182
1.85 0.4 -0.00180484 -0.00513283 0.0802934
1.9 0.4 -0.000975568 -0.00432845 0.08072
1.95 0.4 -0.000375935 -0.00273675 0.08007
2 0.4 0 0 0.08007
0 0.45 0 0 -0.0682455
0.05 0.45 -0.000409476 0.00316079 -0.0682455
0.1 0.45 -0.0010617 0.00499329 -0.0689561
0.15 0.45 -0.00196032 0.005925 -0.0684896
0.2 0.45 -0.00291439 0.00630955 -0.0676513
0.25 0.45 -0.00389005 0.00638241 -0.0661127
0.3 0.45 -0.00483812 0.0062806 -0.0640489
0.35 0.45 -0.00574407 0.00607556 -0.0614045
0.4 0.45 -0.00659875 0.00579551 -0.0582676
0.45 0.45 -0.00740103 0.00546106 -0.0546227
0.5 0.45 -0.00814657 0.00508014 -0.0505294
0.55 0.45 -0.00883358 0.00466214 -0.0459998
0.6 0.45 -0.00945779 0.0042126 -0.0410794
0.65 0.45 -0.0100163 0.00373742 -0.0357984
0.7 0.45 -0.0105059 0.00324102 -0.0301997
0.75 0.45 -0.010924 0.00272755 -0.0243229
0.8 0.45 -0.0112686 0.00220056 -0.0182122
0.85 0.45 -0.0115381 0.00166324 -0.011912
0.9 0.45 -0.0117314 0.0011185 -0.00546848
0.95 0.45 -0.0118477 0.000569052 0.00107167
1 0.45 -0.0118865 1.74484e-05 0.00766109
1.05 0.45 -0.0118476 -0.000533809 0.0142521
1.1 0.45 -0.011731 -0.00108222 0.0207971
1.15 0.45 -0.011537 -0.00162524 0.0272483
1.2 0.45 -0.0112661 -0.00216018 0.0335586
1.25 0.45 -0.0109191 -0.00268421 0.0396813
1.3 0.45 -0.0104972 -0.00319429 0.0455706
1.35 0.45 -0.0100019 -0.00368715 0.0511818
1.4 0.45 -0.00943531 -0.00415933 0.0564717
1.45 0.45 -0.0088 -0.00460708 0.0613988
1.5 0.45 -0.00809915 -0.00502641 0.0659239
1.55 0.45 -0.00733674 -0.0054128 0.0700098
1.6 0.45 -0.00651737 -0.0057605 0.0736242
1.65 0.45 -0.0056473 -0.00606029 0.0767329
1.7 0.45 -0.00473332 -0.0062945 0.0793188
1.75 0.45 -0.00378903 -0.00642561 0.0813365
1.8 0.45 -0.0028277 -0.00637773 0.0828238
1.85 0.45 -0.00189632 -0.00600591 0.0836335
1.9 0.45 -0.00102463 -0.00506976 0.0840787
1.95 0.45 -0.000394609 -0.00321023 0.0833917
2 0.45 0 0 0.0833917
0 0.5 0 0 -0.0721108
0.05 0.5 -0.000427712 0.00367473 -0.0721108
0.1 0.5 -0.00110989 0.00579616 -0.0728589
0.15 0.5 -0.00205121 0.00686632 -0.072377
0.2 0.5 -0.00305209 0.00729839 -0.0715067
0.25 0.5 -0.00407809 0.00736665 -0.0699051
0.3 0.5 -0.00507765 0.00723255 -0.0677469
0.35 0.5 -0.00603623 0.00698027 -0.0649832
0.4 0.5 -0.0069418 0.00664761 -0.0616852
0.45 0.5 -0.00779048 0.00625586 -0.0578561
0.5 0.5 -0.0085774 0.00581483 -0.053546
0.55 0.5 -0.00929985 0.00533321 -0.0487787
0.6 0.5 -0.00995414 0.00481699 -0.0435983
0.65 0.5 -0.0105376 0.00427212 -0.0380407
0.7 0.5 -0.0110476 0.00370353 -0.0321502
0.75 0.5 -0.0114821 0.00311579 -0.0259698
0.8 0.5 -0.0118394 0.00251291 -0.0195457
0.85 0.5 -0.0121184 0.00189849 -0.0129246
0.9 0.5 -0.0123182 0.00127579 -0.0061546
0.95 0.5 -0.0124382 0.000647816 0.000715616
1 0.5 -0.012478 1.73691e-05 0.00763683
1.05 0.5 -0.0124375 -0.000612829 0.0145596
1.1 0.5 -0.0123167 -0.00124007 0.0214343
1.15 0.5 -0.0121156 -0.00186157 0.0282115
1.2 0.5 -0.0118348 -0.00247441 0.0348421
1.25 0.5 -0.0114747 -0.00307544 0.0412774
1.3 0.5 -0.0110364 -0.00366126 0.0474694
1.35 0.5 -0.0105211 -0.00422817 0.0533714
1.4 0.5 -0.00993058 -0.00477217 0.0589378
1.45 0.5 -0.00926731 -0.00528894 0.0641246
1.5 0.5 -0.00853428 -0.00577377 0.0688906
1.55 0.5 -0.00773538 -0.00622132 0.0731956
1.6 0.5 -0.00687523 -0.00662481 0.0770055
1.65 0.5 -0.00596033 -0.00697345 0.0802831
1.7 0.5 -0.00499777 -0.00724673 0.0830103
1.75 0.5 -0.00400202 -0.00740143 0.0851378
1.8 0.5 -0.00298721 -0.00735008 0.0867062
1.85 0.5 -0.00200337 -0.00692579 0.0875584
1.9 0.5 -0.00108227 -0.00585085 0.0880266
1.95 0.5 -0.000416674 -0.00370886 0.087298
2 0.5 0 0 0.087298
0 0.55 0 0 -0.0766098
0.05 0.55 -0.000450728 0.00421429 -0.0766098
0.1 0.55 -0.00117015 0.00664 -0.0774016
0.15 0.55 -0.00216378 0.00785678 -0.0768974
0.2 0.55 -0.00322117 0.00834033 -0.0759838
0.25 0.55 -0.00430646 0.00840566 -0.0742997
0.3 0.55 -0.005365 0.00823935 -0.0720242
0.35 0.55 -0.00638151 0.00793873 -0.0691106
0.4 0.55 -0.0073419 0.00754982 -0.0656236
0.45 0.55 -0.00824061 0.00709613 -0.0615764
0.5 0.55 -0.00907215 0.00658943 -0.0570156
0.55 0.55 -0.00983321 0.00603859 -0.0519728
0.6 0.55 -0.0105204 0.00545028 -0.0464928
0.65 0.55 -0.0111313 0.00483075 -0.0406165
0.7 0.55 -0.0116637 0.00418546 -0.0343904
0.75 0.55 -0.0121162 0.0035194 -0.0278609
0.8 0.55 -0.0124875 0.00283698 -0.0210765
0.85 0.55 -0.0127769 0.00214216 -0.0140866
0.9 0.55 -0.0129838 0.00143846 -0.0069416
0.95 0.55 -0.0131078 0.000729099 0.000307733
1 0.55 -0.0131489 1.70436e-05 0.00761009
1.05 0.55 -0.0131067 -0.000694848 0.014914
1.1 0.55 -0.0129814 -0.00140374 0.0221677
1.15 0.55 -0.012773 -0.00210669 0.0293199
1.2 0.55 -0.0124815 -0.00280059 0.0363192
1.25 0.55 -0.0121075 -0.00348204 0.0431146
1.3 0.55 -0.0116514 -0.0041473 0.049656
1.35 0.55 -0.0111143 -0.00479226 0.0558939
1.4 0.55 -0.0104975 -0.00541235 0.0617803
1.45 0.55 -0.00980328 -0.00600261 0.0672683
1.5 0.55 -0.00903429 -0.00655756 0.0723137
1.55 0.55 -0.00819434 -0.00707094 0.0768737
1.6 0.55 -0.00728801 -0.00753478 0.0809112
1.65 0.55 -0.00632203 -0.00793654 0.0843861
1.7 0.55 -0.00530383 -0.00825257 0.0872785
1.75 0.55 -0.00424887 -0.00843348 0.089535
1.8 0.55 -0.00317237 -0.00837943 0.0911986
1.85 0.55 -0.00212784 -0.00790014 0.0921013
1.9 0.55 -0.00114944 -0.00667838 0.092597
1.95 0.55 -0.000442451 -0.00423699 0.091821
2 0.55 0 0 0.091821
0 0.6 0 0 -0.0817761
0.05 0.6 -0.000478618 0.00478535 -0.0817761
0.1 0.6 -0.00124288 0.00753366 -0.0826192
0.15 0.6 -0.00229892 0.0089063 -0.0820862
0.2 0.6 -0.00342304 0.00944509 -0.0811186
0.25 0.6 -0.00457718 0.00950806 -0.0793329
0.3 0.6 -0.00570294 0.00930807 -0.0769168
0.35 0.6 -0.00678391 0.00895628 -0.073823
0.4 0.6 -0.00780428 0.00850661 -0.0701159
0.45 0.6 -0.00875736 0.00798563 -0.0658141
0.5 0.6 -0.00963711 0.00740726 -0.0609649
0.55 0.6 -0.0104399 0.00678119 -0.0556055
0.6 0.6 -0.0111625 0.00611494 -0.0497829
0.65 0.6 -0.0118029 0.00541534 -0.0435427
0.7 0.6 -0.0123594 0.0046884 -0.0369342
0.75 0.6 -0.012831 0.00393957 -0.0300073
0.8 0.6 -0.0132171 0.00317365 -0.0228133
0.85 0.6 -0.0135174 0.00239485 -0.0154045
0.9 0.6 -0.0137318 0.00160691 -0.00783375
0.95 0.6 -0.0138601 0.000813129 -0.00015416
1 0.6 -0.0139025 1.65596e-05 0.00758067
1.05 0.6 -0.0138588 -0.000779916 0.0153171
1.1 0.6 -0.013729 -0.00157343 0.0230012
1.15 0.6 -0.0135129 -0.00236099 0.0305794
1.2 0.6 -0.0132105 -0.00313938 0.037998
1.25 0.6 -0.0128218 -0.00390501 0.0452036
1.3 0.6 -0.012347 -0.00465385 0.0521434
1.35 0.6 -0.0117865 -0.00538136 0.0587651
1.4 0.6 -0.0111414 -0.00608244 0.0650175
1.45 0.6 -0.0104134 -0.00675141 0.0708508
1.5 0.6 -0.00960473 -0.00738193 0.0762174
1.55 0.6 -0.00871911 -0.0079667 0.0810708
1.6 0.6 -0.00776101 -0.00849636 0.0853709
1.65 0.6 -0.00673732 -0.0089564 0.0890739
1.7 0.6 -0.00565589 -0.00931969 0.0921574
1.75 0.6 -0.0045333 -0.00953008 0.0945637
1.8 0.6 -0.00338601 -0.00947444 0.0963381
1.85 0.6 -0.00227163 -0.00893739 0.0973
1.9 0.6 -0.00122714 -0.00755962 0.097828
1.95 0.6 -0.000472303 -0.00479935 0.0969977
2 0.6 0 0 0.0969977
0 0.65 0 0 -0.0876492
0.05 0.65 -0.000511608 0.00539393 -0.0876492
0.1 0.65 -0.00132874 0.0084863 -0.0885524
0.15 0.65 -0.00245799 0.0100252 -0.0879843
0.2 0.65 -0.00365979 0.0106229 -0.086952
0.25 0.65 -0.00489319 0.0106831 -0.0850452
0.3 0.65 -0.00609527 0.0104465 -0.0824638
0.35 0.65 -0.00724822 0.0100392 -0.0791589
0.4 0.65 -0.00833461 0.00952311 -0.0751972
0.45 0.65 -0.00934694 0.00892852 -0.070602
0.5 0.65 -0.0102787 0.00827173 -0.065423
0.55 0.65 -0.0111262 0.00756373 -0.0597024
0.6 0.65 -0.0118865 0.00681313 -0.0534908
0.65 0.65 -0.012558 0.0060275 -0.046838
0.7 0.65 -0.0131397 0.00521352 -0.0397971
0.75 0.65 -0.0136311 0.00437712 -0.0324215
0.8 0.65 -0.0140324 0.00352343 -0.024766
0.85 0.65 -0.0143438 0.00265689 -0.0168856
0.9 0.65 -0.0145656 0.00178131 -0.00883585
0.95 0.65 -0.0146983 0.000900023 -0.000672595
1 0.65 -0.014742 1.59879e-05 0.0075483
1.05 0.65 -0.0146969 -0.000868006 0.0157708
1.1 0.65 -0.0145626 -0.00174919 0.023939
1.15 0.65 -0.0143391 -0.00262465 0.0319966
1.2 0.65 -0.0140257 -0.00349115 0.0398876
1.25 0.65 -0.0136221 -0.00434502 0.0475561
1.3 0.65 -0.0131279 -0.00518199 0.0549461
1.35 0.65 -0.012543 -0.00599713 0.0620023
1.4 0.65 -0.0118678 -0.00678478 0.0686703
1.45 0.65 -0.0111034 -0.0075385 0.0748963
1.5 0.65 -0.0102517 -0.008251 0.0806289
1.55 0.65 -0.00931587 -0.00891374 0.0858178
1.6 0.65 -0.00830024 -0.00951581 0.0904186
1.65 0.65 -0.00721189 -0.0100404 0.0943833
1.7 0.65 -0.00605904 -0.0104564 0.0976869
1.75 0.65 -0.00485958 -0.0107004 0.100266
1.8 0.65 -0.00363146 -0.0106447 0.102168
1.85 0.65 -0.00243703 -0.010047 0.103199
1.9 0.65 -0.00131657 -0.00850276 0.103764
1.95 0.65 -0.000506683 -0.00540121 0.102872
2 0.65 0 0 0.102872
0 0.7 0 0 -0.0942774
0.05 0.7 -0.000550104 0.00604646 -0.0942774
0.1 0.7 -0.00142885 0.00950786 -0.0952504
0.15 0.7 -0.00264312 0.0112248 -0.0946408
0.2 0.7 -0.00393458 0.0118848 -0.0935325
0.25 0.7 -0.00525868 0.0119409 -0.091484
0.3 0.7 -0.00654715 0.0116636 -0.0887108
0.35 0.7 -0.0077805 0.0111948 -0.0851613
0.4 0.7 -0.00893967 0.0106051 -0.0809074
0.45 0.7 -0.0100165 0.0099293 -0.0759763
0.5 0.7 -0.0110042 0.00918627 -0.0704219
0.55 0.7 -0.0118992 0.00838872 -0.0642916
0.6 0.7 -0.012699 0.00754656 -0.0576403
0.65 0.7 -0.0134026 0.00666832 -0.0505227
0.7 0.7 -0.0140099 0.00576141 -0.0429958
0.75 0.7 -0.0145212 0.00483228 -0.0351171
0.8 0.7 -0.0149374 0.00388635 -0.0269448
0.85 0.7 -0.0152596 0.0029282 -0.0185373
0.9 0.7 -0.0154887 0.0019616 -0.00995301
0.95 0.7 -0.0156255 0.000989748 -0.00125026
1 0.7 -0.0156706 1.53806e-05 0.0075126
1.05 0.7 -0.015624 -0.000958979 0.0162773
1.1 0.7 -0.0154857 -0.00193083 0.0249853
1.15 0.7 -0.0152549 -0.00289748 0.0335783
1.2 0.7 -0.014931 -0.00385584 0.0419975
1.25 0.7 -0.0145127 -0.00480224 0.0501843
1.3 0.7 -0.0139992 -0.00573229 0.0580795
1.35 0.7 -0.0133894 -0.00664071 0.0656246
1.4 0.7 -0.012683 -0.00752127 0.072761
1.45 0.7 -0.0118802 -0.00836672 0.079431
1.5 0.7 -0.0109823 -0.00916868 0.0855787
1.55 0.7 -0.00999183 -0.00991722 0.0911488
1.6 0.7 -0.00891286 -0.0105996 0.0960925
1.65 0.7 -0.00775251 -0.0111963 0.100356
1.7 0.7 -0.00651943 -0.0116719 0.103912
1.75 0.7 -0.00523298 -0.0119545 0.106689
1.8 0.7 -0.0039128 -0.011901 0.108738
1.85 0.7 -0.00262684 -0.0112394 0.109848
1.9 0.7 -0.00141928 -0.00951695 0.110457
1.95 0.7 -0.000546167 -0.00604845 0.109493
2 0.7 0 0 0.109493
0 0.75 0 0 -0.101717
0.05 0.75 -0.000594711 0.00675003 -0.101717
0.1 0.75 -0.00154481 0.0106093 -0.102771
0.15 0.75 -0.00285729 0.0125175 -0.102113
0.2 0.75 -0.0042518 0.0132434 -0.100916
0.25 0.75 -0.00567935 0.0132928 -0.0987035
0.3 0.75 -0.00706539 0.0129689 -0.095709
0.35 0.75 -0.00838841 0.0124309 -0.0918784
0.4 0.75 -0.00962767 0.0117589 -0.0872904
0.45 0.75 -0.0107744 0.0109926 -0.0819767
0.5 0.75 -0.0118219 0.0101541 -0.0759967
0.55 0.75 -0.0127667 0.00925824 -0.0694036
0.6 0.75 -0.0136072 0.00831637 -0.0622574
0.65 0.75 -0.0143433 0.00733821 -0.0546182
0.7 0.75 -0.0149758 0.00633199 -0.0465478
0.75 0.75 -0.0155062 0.00530464 -0.038108
0.8 0.75 -0.0159365 0.00426187 -0.0293607
0.85 0.75 -0.0162686 0.00320823 -0.0203678
0.9 0.75 -0.0165042 0.00214736 -0.0111906
0.95 0.75 -0.0166446 0.00108209 -0.00189001
1 0.75 -0.0166908 1.47716e-05 0.00747309
1.05 0.75 -0.0166431 -0.00105256 0.0168382
1.1 0.75 -0.0165012 -0.00211786 0.0261445
1.15 0.75 -0.0162641 -0.00317888 0.0353314
1.2 0.75 -0.0159305 -0.00423283 0.0443375
1.25 0.75 -0.0154986 -0.00527624 0.0531011
1.3 0.75 -0.0149664 -0.00630467 0.0615601
1.35 0.75 -0.0143321 -0.00731258 0.0696519
1.4 0.75 -0.0135941 -0.0082932 0.077314
1.45 0.75 -0.0127516 -0.0092384 0.0844837
1.5 0.75 -0.0118048 -0.0101386 0.0911
1.55 0.75 -0.0107556 -0.0109822 0.097102
1.6 0.75 -0.00960745 -0.0117544 0.102435
1.65 0.75 -0.00836745 -0.0124324 0.10704
1.7 0.75 -0.00704462 -0.012976 0.110884
1.75 0.75 -0.00565994 -0.0133037 0.113888
1.8 0.75 -0.00423511 -0.0132552 0.116106
1.85 0.75 -0.00284456 -0.0125266 0.117306
1.9 0.75 -0.00153715 -0.0106126 0.117965
1.95 0.75 -0.000591484 -0.00674777 0.116918
2 0.75 0 0 0.116918
0 0.8 0 0 -0.110032
0.05 0.8 -0.000646264 0.0075126 -0.110032
0.1 0.8 -0.00167881 0.0118029 -0.11118
0.15 0.8 -0.00310455 0.0139173 -0.110466
0.2 0.8 -0.00461727 0.0147123 -0.109167
0.25 0.8 -0.00616266 0.0147515 -0.106766
0.3 0.8 -0.00765869 0.0143732 -0.103517
0.35 0.8 -0.00908158 0.0137562 -0.099364
0.4 0.8 -0.0104087 0.0129909 -0.094395
0.45 0.8 -0.0116309 0.012123 -0.0886466
0.5 0.8 -0.0127414 0.0111782 -0.0821853
0.55 0.8 -0.0137378 0.0101737 -0.0750707
0.6 0.8 -0.0146193 0.00912292 -0.0673694
0.65 0.8 -0.0153871 0.00803672 -0.0591473
0.7 0.8 -0.0160435 0.00692426 -0.0504716
0.75 0.8 -0.0165914 0.00579297 -0.0414087
0.8 0.8 -0.0170339 0.00464869 -0.0320248
0.85 0.8 -0.0173742 0.00349587 -0.022385
0.9 0.8 -0.0176149 0.00233775 -0.0125538
0.95 0.8 -0.0177582 0.00117663 -0.00259472
1 0.8 -0.0178053 1.41768e-05 0.00742924
1.05 0.8 -0.0177567 -0.00114828 0.0174554
1.1 0.8 -0.017612 -0.00230943 0.0274209
1.15 0.8 -0.01737 -0.00346769 0.0372627
1.2 0.8 -0.0170284 -0.00462083 0.0469172
1.25 0.8 -0.0165846 -0.00576574 0.0563196
1.3 0.8 -0.0160355 -0.00689814 0.0654046
1.35 0.8 -0.015378 -0.00801232 0.0741054
1.4 0.8 -0.0146091 -0.009101 0.0823549
1.45 0.8 -0.0137264 -0.0101552 0.0900851
1.5 0.8 -0.012729 -0.0111638 0.0972291
1.55 0.8 -0.0116174 -0.0121136 0.103719
1.6 0.8 -0.0103944 -0.012987 0.109495
1.65 0.8 -0.00906682 -0.0137577 0.114488
1.7 0.8 -0.0076439 -0.0143795 0.11866
1.75 0.8 -0.00614852 -0.0147606 0.121924
1.8 0.8 -0.00460474 -0.0147212 0.124336
1.85 0.8 -0.00309462 -0.0139224 0.125641
1.9 0.8 -0.00167261 -0.0118018 0.126357
1.95 0.8 -0.000643555 -0.00750687 0.125215
2 0.8 0 0 0.125215
0 0.85 0 0 -0.119297
0.05 0.85 -0.000705874 0.00834331 -0.119297
0.1 0.85 -0.00183375 0.013103 -0.120555
0.15 0.85 -0.00339017 0.0154402 -0.119776
0.2 0.85 -0.00503859 0.0163074 -0.118361
0.25 0.85 -0.0067182 0.016331 -0.115741
0.3 0.85 -0.00833814 0.0158884 -0.1122
0.35 0.85 -0.00987197 0.0151799 -0.107678
0.4 0.85 -0.011295 0.0143079 -0.102275
0.45 0.85 -0.0125979 0.0133248 -0.0960333
0.5 0.85 -0.0137743 0.0122607 -0.0890283
0.55 0.85 -0.0148229 0.0111358 -0.0813275
0.6 0.85 -0.0157445 0.00996547 -0.0730049
0.65 0.85 -0.0165421 0.00876222 -0.0641332
0.7 0.85 -0.0172196 0.0075361 -0.0547855
0.75 0.85 -0.0177819 0.00629495 -0.0450336
0.8 0.85 -0.0182337 0.00504464 -0.0349477
0.85 0.85 -0.0185796 0.00378926 -0.0245968
0.9 0.85 -0.0188235 0.00253144 -0.0140479
0.95 0.85 -0.0189682 0.00127265 -0.00336717
1 0.85 -0.0190158 1.35931e-05 0.00738045
1.05 0.85 -0.0189668 -0.00124545 0.0181304
1.1 0.85 -0.0188206 -0.0025042 0.0288181
1.15 0.85 -0.0185756 -0.00376205 0.0393786
1.2 0.85 -0.0182286 -0.00501762 0.0497459
1.25 0.85 -0.0177759 -0.00626844 0.0598525
1.3 0.85 -0.017213 -0.00751057 0.0696296
1.35 0.85 -0.016535 -0.00873833 0.0790064
1.4 0.85 -0.0157371 -0.00994399 0.0879105
1.45 0.85 -0.0148153 -0.0111176 0.096268
1.5 0.85 -0.0137664 -0.0122467 0.104005
1.55 0.85 -0.0125897 -0.0133158 0.111047
1.6 0.85 -0.0112865 -0.0143043 0.117323
1.65 0.85 -0.00986303 -0.0151815 0.122758
1.7 0.85 -0.00832886 -0.0158944 0.127307
1.75 0.85 -0.00670881 -0.0163392 0.130869
1.8 0.85 -0.00502969 -0.0163145 0.133504
1.85 0.85 -0.00338262 -0.0154426 0.134928
1.9 0.85 -0.00182873 -0.0130985 0.13571
1.95 0.85 -0.000703557 -0.00833473 0.134457
2 0.85 0 0 0.134457
0 0.9 0 0 -0.1296
0.05 0.9 -0.000774996 0.00925288 -0.1296
0.1 0.9 -0.00201342 0.014526 -0.130986
0.15 0.9 -0.00372106 0.0171049 -0.130132
0.2 0.9 -0.00552558 0.0180468 -0.128581
0.25 0.9 -0.00735826 0.0180475 -0.125709
0.3 0.9 -0.00911774 0.0175277 -0.121833
0.35 0.9 -0.0107745 0.016712 -0.116889
0.4 0.9 -0.0123017 0.0157166 -0.11099
0.45 0.9 -0.01369 0.0146018 -0.104188
0.5 0.9 -0.014934 0.0134029 -0.0965693
0.55 0.9 -0.0160341 0.0121436 -0.08821
0.6 0.9 -0.0169933 0.0108418 -0.0791931
0.65 0.9 -0.0178167 0.00951158 -0.0695991
0.7 0.9 -0.0185109 0.0081639 -0.0595078
0.75 0.9 -0.019083 0.00680694 -0.0489964
0.8 0.9 -0.0195397 0.00544637 -0.0381398
0.85 0.9 -0.0198875 0.00408565 -0.0270102
0.9 0.9 -0.0201316 0.00272648 -0.0156775
0.95 0.9 -0.0202761 0.00136914 -0.00420993
1 0.9 -0.0203234 1.2998e-05 0.00732605
1.05 0.9 -0.0202746 -0.00134308 0.0188645
1.1 0.9 -0.0201287 -0.00270025 0.0303396
1.15 0.9 -0.0198834 -0.00405923 0.0416848
1.2 0.9 -0.0195348 -0.00541988 0.0528322
1.25 0.9 -0.0190776 -0.00678068 0.0637118
1.3 0.9 -0.0185055 -0.00813835 0.0742515
1.35 0.9 -0.0178115 -0.00948743 0.084376
1.4 0.9 -0.0169886 -0.0108199 0.0940077
1.45 0.9 -0.0160302 -0.012125 0.103066
1.5 0.9 -0.0149307 -0.0133885 0.111469
1.55 0.9 -0.0136871 -0.0145925 0.119133
1.6 0.9 -0.0122989 -0.0157129 0.125979
1.65 0.9 -0.0107714 -0.0167138 0.131918
1.7 0.9 -0.00911396 -0.017534 0.136898
1.75 0.9 -0.00735355 -0.0180558 0.140803
1.8 0.9 -0.00552019 -0.0180534 0.143694
1.85 0.9 -0.00371572 -0.0171058 0.145256
1.9 0.9 -0.00200944 -0.0145191 0.146114
1.95 0.9 -0.000772999 -0.00924196 0.144732
2 0.9 0 0 0.144732
0 0.95 0 0 -0.141039
0.05 0.95 -0.000855543 0.010254 -0.141039
0.1 0.95 -0.0022228 0.0160918 -0.142576
0.15 0.95 -0.00410624 0.0189335 -0.141634
0.2 0.95 -0.00609096 0.0199519 -0.139928
0.25 0.95 -0.00809859 0.0199194 -0.136764
0.3 0.95 -0.0100152 0.0193056 -0.1325
0.35 0.95 -0.0118078 0.0183627 -0.127069
0.4 0.95 -0.0134472 0.0172232 -0.120605
0.45 0.95 -0.0149247 0.0159566 -0.113166
0.5 0.95 -0.0162364 0.0146045 -0.104854
0.55 0.95 -0.0173852 0.0131946 -0.0957553
0.6 0.95 -0.018377 0.0117477 -0.0859634
0.65 0.95 -0.0192202 0.0102796 -0.0755677
0.7 0.95 -0.0199244 0.00880216 -0.0646554
0.75 0.95 -0.0204996 0.00732359 -0.0533096
0.8 0.95 -0.0209551 0.0058491 -0.0416096
0.85 0.95 -0.0212996 0.00438117 -0.0296312
0.9 0.95 -0.0215401 0.00292013 -0.0174465
0.95 0.95 -0.0216818 0.00146467 -0.00512512
1 0.95 -0.0217281 1.23463e-05 0.00726542
1.05 0.95 -0.0216801 -0.00143983 0.0196585
1.1 0.95 -0.0215369 -0.00289491 0.0319877
1.15 0.95 -0.0212952 -0.00435542 0.0441856
1.2 0.95 -0.0209501 -0.00582285 0.0561829
1.25 0.95 -0.0204945 -0.00729709 0.0679077
1.3 0.95 -0.0199198 -0.00877591 0.0792847
1.35 0.95 -0.0192167 -0.0102544 0.0902344
1.4 0.95 -0.018375 -0.0117245 0.100673
1.45 0.95 -0.017385 -0.0131746 0.110514
1.5 0.95 -0.0162379 -0.0145889 0.119665
1.55 0.95 -0.0149275 -0.0159465 0.128032
1.6 0.95 -0.0134507 -0.0172192 0.135525
1.65 0.95 -0.0118112 -0.0183649 0.142041
1.7 0.95 -0.0100174 -0.0193127 0.147516
1.75 0.95 -0.00809896 -0.0199287 0.151816
1.8 0.95 -0.00608934 -0.0199591 0.155006
1.85 0.95 -0.00410321 -0.018934 0.156727
1.9 0.95 -0.00221986 -0.0160834 0.157674
1.95 0.95 -0.000853841 -0.0102413 0.15614
2 0.95 0 0 0.15614
0 1 0 0 -0.15373
0.05 1 -0.000950046 0.0113622 -0.15373
0.1 1 -0.00246847 0.0178242 -0.155445
0.15 1 -0.00455753 0.0209522 -0.154402
0.2 1 -0.00675131 0.0220474 -0.152513
0.25 1 -0.00895949 0.0219676 -0.149009
0.3 1 -0.0110531 0.021238 -0.144295
0.35 1 -0.0129953 0.0201428 -0.138304
0.4 1 -0.0147545 0.0188332 -0.13119
0.45 1 -0.0163233 0.0173904 -0.123027
0.5 1 -0.0177004 0.015863 -0.11393
0.55 1 -0.0188922 0.0142838 -0.104001
0.6 1 -0.0199087 0.0126764 -0.0933441
0.65 1 -0.0207625 0.0110587 -0.0820598
0.7 1 -0.0214671 0.009443 -0.0702431
0.75 1 -0.0220362 0.00783747 -0.0579832
0.8 1 -0.0224823 0.00624633 -0.045364
0.85 1 -0.0228166 0.0046706 -0.0324641
0.9 1 -0.0230482 0.00310875 -0.0193574
0.95 1 -0.0231839 0.00155733 -0.00611415
1 1 -0.023228 1.15652e-05 0.0071979
1.05 1 -0.0231819 -0.00153394 0.0205125
1.1 1 -0.0230443 -0.00308466 0.0337635
1.15 1 -0.0228114 -0.00464547 0.0468835
1.2 1 -0.0224765 -0.00622006 0.0598028
1.25 1 -0.0220307 -0.00781024 0.0724482
1.3 1 -0.0214629 -0.00941532 0.0847415
1.35 1 -0.0207603 -0.0110314 0.0965995
1.4 1 -0.0199092 -0.0126508 0.107933
1.45 1 -0.0188958 -0.0142612 0.118645
1.5 1 -0.017707 -0.0158451 0.128637
1.55 1 -0.0163324 -0.0173786 0.137799
1.6 1 -0.0147651 -0.0188286 0.146029
1.65 1 -0.0130061 -0.0201454 0.153207
1.7 1 -0.0110625 -0.0212467 0.159255
1.75 1 -0.00896592 -0.0219792 0.164015
1.8 1 -0.00675418 -0.0220569 0.167552
1.85 1 -0.00455726 -0.020954 0.16946
1.9 1 -0.00246674 -0.0178154 0.17051
1.95 1 -0.00094867 -0.0113481 0.168797
2 1 0 0 0.168797
0 1.05 0 0 -0.167807
0.05 1.05 -0.0010619 0.0125964 -0.167807
0.1 1.05 -0.00275922 0.0197524 -0.169737
0.15 1.05 -0.00509068 0.0231931 -0.168573
0.2 1.05 -0.00752843 0.024363 -0.16647
0.25 1.05 -0.00996733 0.0242166 -0.162565
0.3 1.05 -0.0122604 0.0233426 -0.157327
0.35 1.05 -0.0143662 0.0220627 -0.150685
0.4 1.05 -0.0162515 0.020551 -0.142823
0.45 1.05 -0.0179113 0.0189019 -0.133831
0.5 1.05 -0.019348 0.017173 -0.123845
0.55 1.05 -0.0205734 0.0154025 -0.112982
0.6 1.05 -0.0216026 0.0136176 -0.101361
0.65 1.05 -0.0224539 0.0118377 -0.089093
0.7 1.05 -0.0231458 0.0100755 -0.0762821
0.75 1.05 -0.0236964 0.00833851 -0.0630239
0.8 1.05 -0.0241221 0.00662938 -0.0494064
0.85 1.05 -0.0244373 0.00494709 -0.0355104
0.9 1.05 -0.0246534 0.00328759 -0.0214108
0.95 1.05 -0.0247791 0.00164464 -0.00717748
1 1.05 -0.0248194 1.0548e-05 0.00712296
1.05 1.05 -0.0247764 -0.00162314 0.0214257
1.1 1.05 -0.0246484 -0.00326492 0.0356663
1.15 1.05 -0.0244307 -0.00492267 0.0497785
1.2 1.05 -0.0241149 -0.00660291 0.0636934
1.25 1.05 -0.0236898 -0.00831004 0.0773373
1.3 1.05 -0.0231411 -0.0100456 0.0906303
1.35 1.05 -0.0224523 -0.0118072 0.103485
1.4 1.05 -0.0216052 -0.0135881 0.115808
1.45 1.05 -0.0205807 -0.0153758 0.127492
1.5 1.05 -0.0193602 -0.0171513 0.138428
1.55 1.05 -0.0179277 -0.0188872 0.148493
1.6 1.05 -0.0162708 -0.0205448 0.157566
1.65 1.05 -0.0143862 -0.0220658 0.165507
1.7 1.05 -0.0122786 -0.0233536 0.172221
1.75 1.05 -0.00998153 -0.0242319 0.177519
1.8 1.05 -0.00753714 -0.0243766 0.181465
1.85 1.05 -0.005094 -0.0231979 0.183593
1.9 1.05 -0.00275907 -0.0197446 0.184766
1.95 1.05 -0.00106094 -0.0125815 0.182836
2 1.05 0 0 0.182836
0 1.1 0 0 -0.183429
0.05 1.1 -0.00119572 0.0139802 -0.183429
0.1 1.1 -0.00310696 0.0219128 -0.185618
0.15 1.1 -0.00572684 0.0256954 -0.184309
0.2 1.1 -0.00845131 0.0269346 -0.181951
0.25 1.1 -0.0111567 0.0266944 -0.177572
0.3 1.1 -0.013674 0.0256384 -0.171715
0.35 1.1 -0.0159577 0.0241325 -0.164313
0.4 1.1 -0.0179731 0.0223781 -0.155586
0.45 1.1 -0.0197195 0.0204862 -0.145643
0.5 1.1 -0.0212053 0.0185246 -0.134647
0.55 1.1 -0.0224493 0.0165378 -0.122732
0.6 1.1 -0.0234742 0.0145565 -0.110035
0.65 1.1 -0.0243049 0.0126014 -0.0966798
0.7 1.1 -0.0249665 0.0106851 -0.0827785
0.75 1.1 -0.0254825 0.00881352 -0.0684334
0.8 1.1 -0.0258738 0.00698708 -0.0537359
0.85 1.1 -0.0261585 0.00520187 -0.0387683
0.9 1.1 -0.0263507 0.00345059 -0.023605
0.95 1.1 -0.026461 0.00172346 -0.00831414
1 1.1 -0.0264958 9.14419e-06 0.00704022
1.05 1.1 -0.0264574 -0.00170456 0.0223964
1.1 1.1 -0.0263439 -0.00342989 0.0376931
1.15 1.1 -0.0261494 -0.00517844 0.0528671
1.2 1.1 -0.0258639 -0.00696032 0.0678516
1.25 1.1 -0.0254734 -0.0087833 0.0825739
1.3 1.1 -0.0249601 -0.0106519 0.0969536
1.35 1.1 -0.024303 -0.0125664 0.110901
1.4 1.1 -0.0234782 -0.0145214 0.124315
1.45 1.1 -0.0224605 -0.0165051 0.137083
1.5 1.1 -0.0212238 -0.0184971 0.149082
1.55 1.1 -0.0197447 -0.0204668 0.160171
1.6 1.1 -0.018003 -0.0223694 0.170212
1.65 1.1 -0.0159895 -0.0241357 0.179039
1.7 1.1 -0.0137041 -0.0256524 0.186531
1.75 1.1 -0.0111814 -0.0267152 0.192465
1.8 1.1 -0.00846807 -0.0269546 0.196899
1.85 1.1 -0.00573522 -0.0257057 0.199289
1.9 1.1 -0.0031091 -0.0219079 0.200609
1.95 1.1 -0.00119539 -0.0139655 0.198418
2 1.1 0 0 0.198418
0 1.15 0 0 -0.200784
0.05 1.15 -0.00135796 0.015544 -0.200784
0.1 1.15 -0.00352821 0.0243514 -0.203292
0.15 1.15 -0.00649497 0.028508 -0.201806
0.2 1.15 -0.00955897 0.029805 -0.19914
0.25 1.15 -0.0125731 0.0294335 -0.194191
0.3 1.15 -0.0153423 0.0281453 -0.187598
0.35 1.15 -0.0178167 0.0263602 -0.179301
0.4 1.15 -0.0199623 0.0243125 -0.169565
0.45 1.15 -0.0217852 0.0221333 -0.158528
0.5 1.15 -0.0233026 0.0199022 -0.14638
0.55 1.15 -0.0245434 0.0176707 -0.13328
0.6 1.15 -0.0255397 0.0154727 -0.119383
0.65 1.15 -0.0263257 0.0133295 -0.104826
0.7 1.15 -0.026934 0.0112527 -0.0897314
0.75 1.15 -0.0273946 0.0092455 -0.0742067
0.8 1.15 -0.0277339 0.00730521 -0.058346
0.85 1.15 -0.0279739 0.00542394 -0.0422312
0.9 1.15 -0.0281319 0.00359021 -0.0259348
0.95 1.15 -0.0282205 0.00178989 -0.00952138
1 1.15 -0.0282475 7.14789e-06 0.00694959
1.05 1.15 -0.0282154 -0.00177469 0.0234215
1.1 1.15 -0.0281223 -0.00357239 0.0398383
1.15 1.15 -0.0279611 -0.00540205 0.0561417
1.2 1.15 -0.0277198 -0.00727824 0.072269
1.25 1.15 -0.0273814 -0.00921305 0.0881504
1.3 1.15 -0.0269242 -0.0112151 0.103707
1.35 1.15 -0.026322 -0.0132881 0.118846
1.4 1.15 -0.0255443 -0.0154296 0.133465
1.45 1.15 -0.0245581 -0.0176291 0.14744
1.5 1.15 -0.0233281 -0.019866 0.160635
1.55 1.15 -0.0218209 -0.0221066 0.172893
1.6 1.15 -0.0200058 -0.0242993 0.18405
1.65 1.15 -0.0178642 -0.0263627 0.193909
1.7 1.15 -0.0153885 -0.0281631 0.202322
1.75 1.15 -0.0126126 -0.0294618 0.209013
1.8 1.15 -0.00958732 -0.0298345 0.214036
1.85 1.15 -0.00651082 -0.0285271 0.216743
1.9 1.15 -0.00353379 -0.0243521 0.218244
1.95 1.15 -0.00135861 -0.0155307 0.215731
2 1.15 0 0 0.215731
0 1.2 0 0 -0.220096
0.05 1.2 -0.00155787 0.0173271 -0.220096
0.1 1.2 -0.0040463 0.0271279 -0.223001
0.15 1.2 -0.00743537 0.0316928 -0.221294
0.2 1.2 -0.0109047 0.033027 -0.21825
0.25 1.2 -0.0142778 0.0324713 -0.212606
0.3 1.2 -0.017328 0.0308841 -0.205129
0.35 1.2 -0.020003 0.0287508 -0.195768
0.4 1.2 -0.0222721 0.0263464 -0.184849
0.45 1.2 -0.0241527 0.0238256 -0.172544
0.5 1.2 -0.0256748 0.0212822 -0.15908
0.55 1.2 -0.0268809 0.0187742 -0.144643
0.6 1.2 -0.027816 0.0163383 -0.129408
0.65 1.2 -0.0285253 0.0139952 -0.113526
0.7 1.2 -0.0290507 0.0117536 -0.0971289
0.75 1.2 -0.02943 0.00961312 -0.0803293
0.8 1.2 -0.0296954 0.00756616 -0.0632217
0.85 1.2 -0.0298734 0.00559981 -0.0458861
0.9 1.2 -0.0299847 0.00369729 -0.0283906
0.95 1.2 -0.030044 0.00183915 -0.0107939
1 1.2 -0.0300603 4.28104e-06 0.00685136
1.05 1.2 -0.0300368 -0.00182932 0.0244962
1.1 1.2 -0.0299711 -0.00368374 0.0420922
1.15 1.2 -0.0298551 -0.00558042 0.0595885
1.2 1.2 -0.0296748 -0.00753934 0.076929
1.25 1.2 -0.0294101 -0.00957803 0.0940492
1.3 1.2 -0.0290351 -0.0117104 0.110873
1.35 1.2 -0.0285175 -0.0139452 0.127311
1.4 1.2 -0.0278196 -0.0162842 0.143253
1.45 1.2 -0.0268986 -0.0187201 0.158571
1.5 1.2 -0.0257081 -0.0212331 0.173116
1.55 1.2 -0.0242012 -0.0237877 0.186708
1.6 1.2 -0.0223333 -0.0263253 0.199158
1.65 1.2 -0.0200717 -0.0287509 0.21023
1.7 1.2 -0.0173967 -0.0309058 0.219739
1.75 1.2 -0.0143384 -0.0325096 0.227346
1.8 1.2 -0.0109502 -0.0330703 0.233087
1.85 1.2 -0.0074626 -0.0317254 0.236187
1.9 1.2 -0.0040573 -0.0271381 0.237916
1.95 1.2 -0.00156013 -0.0173173 0.235001
2 1.2 0 0 0.235001
0 1.25 0 0 -0.24165
0.05 1.25 -0.00180914 0.0193815 -0.24165
0.1 1.25 -0.00469506 0.0303195 -0.245055
0.15 1.25 -0.00860523 0.0353277 -0.243064
0.2 1.25 -0.0125623 0.036664 -0.239545
0.25 1.25 -0.0163529 0.0358491 -0.23304
0.3 1.25 -0.0197134 0.0338729 -0.224486
0.35 1.25 -0.0225926 0.0313022 -0.213848
0.4 1.25 -0.0249679 0.0284617 -0.201532
0.45 1.25 -0.0268746 0.0255347 -0.187752
0.5 1.25 -0.0283614 0.0226296 -0.172779
0.55 1.25 -0.0294891 0.019811 -0.15683
0.6 1.25 -0.0303191 0.0171162 -0.140102
0.65 1.25 -0.0309103 0.0145635 -0.122762
0.7 1.25 -0.0313157 0.0121568 -0.104948
0.75 1.25 -0.0315816 0.00988978 -0.0867768
0.8 1.25 -0.0317467 0.00774839 -0.06834
0.85 1.25 -0.0318422 0.00571314 -0.0497134
0.9 1.25 -0.031892 0.00376079 -0.0309579
0.95 1.25 -0.0319129 0.00186557 -0.0121237
1 1.25 -0.0319153 1.81347e-07 0.0067465
1.05 1.25 -0.0319028 -0.00186346 0.0256142
1.1 1.25 -0.0318727 -0.00375355 0.0444415
1.15 1.25 -0.031816 -0.00569775 0.063188
1.2 1.25 -0.0317167 -0.00772246 0.0818073
1.25 1.25 -0.0315517 -0.00985185 0.100243
1.3 1.25 -0.0312907 -0.0121066 0.118426
1.35 1.25 -0.0308952 -0.0145024 0.13627
1.4 1.25 -0.0303191 -0.0170472 0.153665
1.45 1.25 -0.0295084 -0.0197391 0.170477
1.5 1.25 -0.0284029 -0.0225619 0.186543
1.55 1.25 -0.0269388 -0.0254796 0.201664
1.6 1.25 -0.025052 -0.0284278 0.215619
1.65 1.25 -0.02269 -0.0312966 0.228127
1.7 1.25 -0.019814 -0.0338982 0.238955
1.75 1.25 -0.0164446 -0.0359003 0.247682
1.8 1.25 -0.0126337 -0.0367267 0.254319
1.85 1.25 -0.00865022 -0.0353809 0.257915
1.9 1.25 -0.00471482 -0.0303452 0.259937
1.95 1.25 -0.00181411 -0.0193783 0.256513
2 1.25 0 0 0.256513
0 1.3 0 0 -0.26578
0.05 1.3 -0.0021329 0.0217797 -0.26578
0.1 1.3 -0.00552502 0.0340314 -0.269821
0.15 1.3 -0.0100871 0.0395156 -0.267454
0.2 1.3 -0.0146349 0.0407951 -0.263322
0.25 1.3 -0.0189098 0.0396141 -0.255734
0.3 1.3 -0.022606 0.0371271 -0.245849
0.35 1.3 -0.0256807 0.0340033 -0.233667
0.4 1.3 -0.0281284 0.0306283 -0.219689
0.45 1.3 -0.0300113 0.027218 -0.204185
0.5 1.3 -0.0314047 0.0238959 -0.18748
0.55 1.3 -0.0323942 0.0207311 -0.169821
0.6 1.3 -0.0330616 0.0177588 -0.151433
0.65 1.3 -0.0334823 0.0149911 -0.132492
0.7 1.3 -0.0337218 0.0124244 -0.113145
0.75 1.3 -0.0338357 0.0100438 -0.0935056
0.8 1.3 -0.0338692 0.00782654 -0.0736621
0.85 1.3 -0.0338581 0.00574498 -0.0536816
0.9 1.3 -0.0338293 0.00376803 -0.0336144
0.95 1.3 -0.0338016 0.00186259 -0.0134984
1 1.3 -0.0337863 -5.62985e-06 0.00663673
1.05 1.3 -0.0337875 -0.0018715 0.0267662
1.1 1.3 -0.0338023 -0.00377003 0.0468663
1.15 1.3 -0.0338209 -0.00573589 0.0669102
1.2 1.3 -0.0338258 -0.00780289 0.086865
1.25 1.3 -0.0337912 -0.0100032 0.106687
1.3 1.3 -0.0336825 -0.0123659 0.126316
1.35 1.3 -0.0334551 -0.0149157 0.145674
1.4 1.3 -0.0330539 -0.0176698 0.164655
1.45 1.3 -0.0324126 -0.0206349 0.183123
1.5 1.3 -0.0314543 -0.0238014 0.200903
1.55 1.3 -0.0300941 -0.0271369 0.217777
1.6 1.3 -0.0282422 -0.0305734 0.23349
1.65 1.3 -0.0258176 -0.0339862 0.247707
1.7 1.3 -0.0227522 -0.037154 0.260137
1.75 1.3 -0.0190475 -0.0396812 0.270253
1.8 1.3 -0.0147462 -0.0408849 0.278024
1.85 1.3 -0.0101604 -0.0395995 0.282267
1.9 1.3 -0.00555928 -0.034082 0.28468
1.95 1.3 -0.0021426 -0.0217883 0.280605
2 1.3 0 0 0.280605
0 1.35 0 0 -0.292969
0.05 1.35 -0.00256251 0.0246189 -0.292969
0.1 1.35 -0.00661287 0.0384007 -0.297831
0.15 1.35 -0.0120018 0.0443836 -0.294947
0.2 1.35 -0.0172679 0.0455096 -0.289996
0.25 1.35 -0.0220988 0.043809 -0.281017
0.3 1.35 -0.0261451 0.0406464 -0.269462
0.35 1.35 -0.0293853 0.0368209 -0.255387
0.4 1.35 -0.0318453 0.032791 -0.239416
0.45 1.35 -0.0336281 0.0288088 -0.221888
0.5 1.35 -0.0348463 0.0250109 -0.203185
0.55 1.35 -0.0356172 0.0214662 -0.183593
0.6 1.35 -0.036048 0.0182029 -0.163357
0.65 1.35 -0.0362328 0.0152225 -0.142665
0.7 1.35 -0.0362509 0.0125093 -0.121665
0.75 1.35 -0.0361672 0.0100365 -0.100464
0.8 1.35 -0.0360331 0.00777037 -0.0791426
0.85 1.35 -0.0358882 0.005673 -0.0577536
0.9 1.35 -0.0357618 0.0037042 -0.0363331
0.95 1.35 -0.0356739 0.0018226 -0.0149027
1 1.35 -0.0356367 -1.37356e-05 0.00652511
1.05 1.35 -0.0356544 -0.00184699 0.0279429
1.1 1.35 -0.0357243 -0.00371949 0.0493447
1.15 1.35 -0.0358361 -0.00567354 0.0707217
1.2 1.35 -0.0359711 -0.00775125 0.0920581
1.25 1.35 -0.0361019 -0.00999396 0.113327
1.3 1.35 -0.0361904 -0.0124412 0.134484
1.35 1.35 -0.0361865 -0.0151292 0.155464
1.4 1.35 -0.0360261 -0.0180878 0.17617
1.45 1.35 -0.0356299 -0.0213366 0.196468
1.5 1.35 -0.0349021 -0.0248781 0.21618
1.55 1.35 -0.0337323 -0.0286888 0.235068
1.6 1.35 -0.0319971 -0.0327024 0.252843
1.65 1.35 -0.0295759 -0.0367822 0.269113
1.7 1.35 -0.0263567 -0.0406702 0.283512
1.75 1.35 -0.0223055 -0.0438946 0.295381
1.8 1.35 -0.0174414 -0.0456365 0.304619
1.85 1.35 -0.0121212 -0.0445131 0.309732
1.9 1.35 -0.00667176 -0.0384909 0.312687
1.95 1.35 -0.00258071 -0.0246476 0.30777
2 1.35 0 0 0.30777
0 1.4 0 0 -0.32374
0.05 1.4 -0.00315301 0.0280507 -0.32374
0.1 1.4 -0.0080774 0.0436292 -0.329645
0.15 1.4 -0.0145251 0.0501097 -0.326022
0.2 1.4 -0.0206617 0.0509234 -0.319943
0.25 1.4 -0.0261158 0.0484814 -0.30915
0.3 1.4 -0.0305008 0.0444195 -0.295476
0.35 1.4 -0.0338396 0.0397018 -0.27907
0.4 1.4 -0.0362125 0.0348719 -0.260704
0.45 1.4 -0.037782 0.0302184 -0.2408
0.5 1.4 -0.0387112 0.0258848 -0.219802
0.55 1.4 -0.0391577 0.0219324 -0.198033
0.6 1.4 -0.0392584 0.0183741 -0.175756
0.65 1.4 -0.0391281 0.0151938 -0.153164
0.7 1.4 -0.0388595 0.0123587 -0.130398
0.75 1.4 -0.0385261 0.00982588 -0.107556
0.8 1.4 -0.038184 0.00754756 -0.0847
0.85 1.4 -0.0378755 0.00547375 -0.061866
0.9 1.4 -0.0376308 0.0035539 -0.0390696
0.95 1.4 -0.0374706 0.00173767 -0.016312
1 1.4 -0.0374068 -2.49134e-05 0.00641568
1.05 1.4 -0.0374441 -0.00178355 0.0291275
1.1 1.4 -0.0375797 -0.00358807 0.0518393
1.15 1.4 -0.0378034 -0.00548875 0.0745641
1.2 1.4 -0.0380969 -0.0075366 0.0973084
1.25 1.4 -0.0384318 -0.00978331 0.120067
1.3 1.4 -0.0387683 -0.0122807 0.142817
1.35 1.4 -0.0390524 -0.0150792 0.165513
1.4 1.4 -0.0392124 -0.0182255 0.188074
1.45 1.4 -0.0391564 -0.0217578 0.21038
1.5 1.4 -0.0387685 -0.0256982 0.232252
1.55 1.4 -0.0379083 -0.0300407 0.253443
1.6 1.4 -0.0364112 -0.0347298 0.273632
1.65 1.4 -0.0341024 -0.0396243 0.29237
1.7 1.4 -0.0308057 -0.0444297 0.309198
1.75 1.4 -0.0264263 -0.0485862 0.323303
1.8 1.4 -0.0209334 -0.0511007 0.334467
1.85 1.4 -0.0147207 -0.0503078 0.340791
1.9 1.4 -0.0081792 -0.0437831 0.344529
1.95 1.4 -0.00318698 -0.0281146 0.338536
2 1.4 0 0 0.338536
0 1.45 0 0 -0.359142
0.05 1.45 -0.0039924 0.03227 -0.359142
0.1 1.45 -0.0100978 0.0499593 -0.366356
0.15 1.45 -0.0179056 0.0568847 -0.361639
0.2 1.45 -0.0250812 0.0571291 -0.353933
0.25 1.45 -0.0311992 0.0536279 -0.340714
0.3 1.45 -0.0358595 0.0483693 -0.324293
0.35 1.45 -0.0391686 0.0425239 -0.304973
0.4 1.45 -0.0412955 0.0367283 -0.283691
0.45 1.45 -0.0424868 0.0313018 -0.260974
0.5 1.45 -0.0429724 0.026382 -0.237326
0.55 1.45 -0.0429581 0.0220095 -0.213101
0.6 1.45 -0.0426135 0.0181699 -0.188569
0.65 1.45 -0.0420739 0.0148209 -0.163918
0.7 1.45 -0.041444 0.0119051 -0.139274
0.75 1.45 -0.0408031 0.00935931 -0.114714
0.8 1.45 -0.0402097 0.00711855 -0.0902764
0.85 1.45 -0.0397061 0.005119 -0.0659714
0.9 1.45 -0.0393219 0.00329885 -0.0417893
0.95 1.45 -0.0390767 0.00159849 -0.0177051
1 1.45 -0.0389817 -3.99761e-05 0.00631552
1.05 1.45 -0.0390413 -0.00167353 0.0303127
1.1 1.45 -0.0392531 -0.00335919 0.054328
1.15 1.45 -0.039608 -0.00515505 0.0784011
1.2 1.45 -0.040089 -0.00712118 0.102566
1.25 1.45 -0.0406691 -0.0093203 0.126844
1.3 1.45 -0.0413092 -0.011818 0.151242
1.35 1.45 -0.0419542 -0.0146819 0.175742
1.4 1.45 -0.042528 -0.01798 0.200291
1.45 1.45 -0.0429282 -0.0217759 0.22479
1.5 1.45 -0.0430202 -0.0261209 0.249079
1.55 1.45 -0.0426314 -0.0310396 0.272912
1.6 1.45 -0.0415481 -0.0365021 0.295947
1.65 1.45 -0.0395252 -0.042378 0.317682
1.7 1.45 -0.0362955 -0.0483443 0.337555
1.75 1.45 -0.0316645 -0.0537458 0.354576
1.8 1.45 -0.025508 -0.0573706 0.368338
1.85 1.45 -0.0182281 -0.0571831 0.37643
1.9 1.45 -0.0102754 -0.0502139 0.381342
1.95 1.45 -0.00405619 -0.0323942 0.373991
2 1.45 0 0 0.373991
0 1.5 0 0 -0.399953
0.05 1.5 -0.00522239 0.0376377 -0.399953
0.1 1.5 -0.0129343 0.0577993 -0.408631
0.15 1.5 -0.02246 0.0650143 -0.40224
0.2 1.5 -0.0308208 0.0642721 -0.39214
0.25 1.5 -0.0375651 0.0592549 -0.375677
0.3 1.5 -0.0423379 0.0524039 -0.355708
0.35 1.5 -0.0453881 0.0451424 -0.33278
0.4 1.5 -0.0470234 0.0381967 -0.307998
0.45 1.5 -0.0476032 0.0318997 -0.282007
0.5 1.5 -0.0474403 0.0263602 -0.255351
0.55 1.5 -0.0467942 0.021577 -0.228409
0.6 1.5 -0.0458669 0.0174929 -0.20144
0.65 1.5 -0.0448108 0.0140271 -0.174612
0.7 1.5 -0.043738 0.0110903 -0.148021
0.75 1.5 -0.0427289 0.00859352 -0.121712
0.8 1.5 -0.0418401 0.00645219 -0.09569
0.85 1.5 -0.0411106 0.00458727 -0.0699331
0.9 1.5 -0.0405665 0.00292538 -0.044399
0.95 1.5 -0.0402243 0.00139795 -0.0190323
1 1.5 -0.0400935 -6.01646e-05 0.00623149
1.05 1.5 -0.0401778 -0.00151233 0.031462
1.1 1.5 -0.0404754 -0.00302185 0.0567306
1.15 1.5 -0.0409794 -0.0046538 0.0821073
1.2 1.5 -0.0416757 -0.00647679 0.107657
1.25 1.5 -0.0425417 -0.00856461 0.133437
1.3 1.5 -0.0435425 -0.0109975 0.159488
1.35 1.5 -0.0446263 -0.0138628 0.18583
1.4 1.5 -0.0457181 -0.0172541 0.212449
1.45 1.5 -0.0467109 -0.0212686 0.239287
1.5 1.5 -0.0474558 -0.0259984 0.266213
1.55 1.5 -0.0477502 -0.0315165 0.29301
1.6 1.5 -0.0473275 -0.0378414 0.319331
1.65 1.5 -0.0458565 -0.0448806 0.344649
1.7 1.5 -0.0429484 -0.0523045 0.368287
1.75 1.5 -0.038254 -0.0593685 0.389088
1.8 1.5 -0.0314876 -0.064593 0.406352
1.85 1.5 -0.0229918 -0.0654616 0.417073
1.9 1.5 -0.0132461 -0.0582186 0.423803
1.95 1.5 -0.00534301 -0.0378703 0.414937
2 1.5 0 0 0.414937
0 1.55 0 0 -0.449362
0.05 1.55 -0.00703823 0.0445062 -0.449362
0.1 1.55 -0.016907 0.0674615 -0.459437
0.15 1.55 -0.0285077 0.0746206 -0.450384
0.2 1.55 -0.0380889 0.0722459 -0.436547
0.25 1.55 -0.0452471 0.0650931 -0.415558
0.3 1.55 -0.0497897 0.0561669 -0.39082
0.35 1.55 -0.0521929 0.047179 -0.363282
0.4 1.55 -0.0529666 0.0389193 -0.334178
0.45 1.55 -0.0526113 0.0316973 -0.304282
0.5 1.55 -0.0515347 0.0255549 -0.274147
0.55 1.55 -0.050048 0.0204209 -0.244147
0.6 1.55 -0.0483794 0.016174 -0.214503
0.65 1.55 -0.0466894 0.0126817 -0.185341
0.7 1.55 -0.0450886 0.00981484 -0.156706
0.75 1.55 -0.0436509 0.00745476 -0.128597
0.8 1.55 -0.0424249 0.0054952 -0.100972
0.85 1.55 -0.0414413 0.00384178 -0.0737685
0.9 1.55 -0.0407193 0.00241034 -0.0469044
0.95 1.55 -0.04027 0.00112463 -0.0202881
1 1.55 -0.0400996 -8.61735e-05 0.00617958
1.05 1.55 -0.0402103 -0.00129004 0.0326016
1.1 1.55 -0.0406015 -0.00255478 0.0590828
1.15 1.55 -0.0412694 -0.00395069 0.0857279
1.2 1.55 -0.0422054 -0.00555337 0.112639
1.25 1.55 -0.0433942 -0.00744652 0.139912
1.3 1.55 -0.0448101 -0.00972467 0.167632
1.35 1.55 -0.0464113 -0.0124958 0.19587
1.4 1.55 -0.0481319 -0.0158827 0.224666
1.45 1.55 -0.0498701 -0.020023 0.254021
1.5 1.55 -0.051474 -0.0250633 0.283865
1.55 1.55 -0.0527202 -0.0311462 0.314044
1.6 1.55 -0.0532948 -0.0383707 0.344237
1.65 1.55 -0.052771 -0.0467256 0.373951
1.7 1.55 -0.0506106 -0.0559191 0.402391
1.75 1.55 -0.046239 -0.0651527 0.428291
1.8 1.55 -0.0391122 -0.0726424 0.450486
1.85 1.55 -0.0293748 -0.0752707 0.465366
1.9 1.55 -0.017451 -0.0681342 0.475038
1.95 1.55 -0.0072644 -0.0449244 0.464741
2 1.55 0 0 0.464741
0 1.6 0 0 -0.50761
0.05 1.6 -0.00968289 0.0537796 -0.50761
0.1 1.6 -0.0222956 0.0797355 -0.517829
0.15 1.6 -0.0360925 0.0861493 -0.504614
0.2 1.6 -0.0465922 0.0811388 -0.485119
0.25 1.6 -0.0535837 0.0710042 -0.458142
0.3 1.6 -0.0572445 0.0594108 -0.427342
0.35 1.6 -0.0583746 0.0483661 -0.394276
0.4 1.6 -0.0577536 0.0386568 -0.360175
0.45 1.6 -0.056036 0.030504 -0.32594
0.5 1.6 -0.053721 0.023828 -0.292061
0.55 1.6 -0.0511555 0.0184488 -0.258874
0.6 1.6 -0.0485764 0.0141575 -0.226521
0.65 1.6 -0.0461353 0.010756 -0.195059
0.7 1.6 -0.0439275 0.00806819 -0.164463
0.75 1.6 -0.0420095 0.00594324 -0.134667
0.8 1.6 -0.0404133 0.00425314 -0.105576
0.85 1.6 -0.0391554 0.00288945 -0.0770752
0.9 1.6 -0.0382437 0.00175916 -0.0490397
0.95 1.6 -0.0376812 0.000780662 -0.0213379
1 1.6 -0.0374688 -0.000120044 0.0061658
1.05 1.6 -0.0376071 -0.00101303 0.0336096
1.1 1.6 -0.0380965 -0.001968 0.0611332
1.15 1.6 -0.0389376 -0.00305787 0.0888774
1.2 1.6 -0.0401295 -0.00436258 0.116983
1.25 1.6 -0.0416682 -0.00597326 0.14559
1.3 1.6 -0.0435427 -0.00799674 0.174833
1.35 1.6 -0.0457292 -0.0105607 0.20484
1.4 1.6 -0.0481821 -0.0138183 0.23572
1.45 1.6 -0.05082 -0.0179532 0.267555
1.5 1.6 -0.0535071 -0.0231787 0.300362
1.55 1.6 -0.0560208 -0.0297313 0.334095
1.6 1.6 -0.0580217 -0.0378311 0.368507
1.65 1.6 -0.0589983 -0.047611 0.403226
1.7 1.6 -0.0582559 -0.0588956 0.437367
1.75 1.6 -0.0549239 -0.0709161 0.469734
1.8 1.6 -0.0480886 -0.0815857 0.498477
1.85 1.6 -0.0374549 -0.0870787 0.519705
1.9 1.6 -0.0232202 -0.0808146 0.534048
1.95 1.6 -0.0100967 -0.0545348 0.523716
2 1.6 0 0 0.523716
0 1.65 0 0 -0.587491
0.05 1.65 -0.0132752 0.0655188 -0.587491
0.1 1.65 -0.0289865 0.0940742 -0.594769
0.15 1.65 -0.0444456 0.0985514 -0.574483
0.2 1.65 -0.0548578 0.0895749 -0.545488
0.25 1.65 -0.0604498 0.0755486 -0.509655
0.3 1.65 -0.0620915 0.0607973 -0.470266
0.35 1.65 -0.0609876 0.0475498 -0.42983
0.4 1.65 -0.0582321 0.036461 -0.38933
0.45 1.65 -0.0546082 0.0275643 -0.349761
0.5 1.65 -0.0506732 0.0205885 -0.311426
0.55 1.65 -0.0467704 0.0152042 -0.274559
0.6 1.65 -0.0431117 0.0110929 -0.239156
0.65 1.65 -0.0398129 0.00798232 -0.20516
0.7 1.65 -0.0369339 0.00564758 -0.172443
0.75 1.65 -0.034499 0.00390732 -0.140853
0.8 1.65 -0.0325135 0.00261545 -0.110222
0.85 1.65 -0.0309727 0.0016536 -0.0803748
0.9 1.65 -0.0298685 0.000924144 -0.0511344
0.95 1.65 -0.0291927 0.000344198 -0.0223242
1 1.65 -0.0289394 -0.000159534 0.00623233
1.05 1.65 -0.0291065 -0.000655395 0.0347118
1.1 1.65 -0.0296956 -0.00121112 0.0632917
1.15 1.65 -0.0307126 -0.0018982 0.0921523
1.2 1.65 -0.0321666 -0.00279659 0.121477
1.25 1.65 -0.0340684 -0.00400016 0.151456
1.3 1.65 -0.0364277 -0.00562301 0.182281
1.35 1.65 -0.0392477 -0.00780752 0.214152
1.4 1.65 -0.0425171 -0.0107335 0.247265
1.45 1.65 -0.0461947 -0.0146294 0.281816
1.5 1.65 -0.0501894 -0.0197807 0.31795
1.55 1.65 -0.0543169 -0.0265362 0.355805
1.6 1.65 -0.0582614 -0.0352774 0.395288
1.65 1.65 -0.0614719 -0.0463574 0.436309
1.7 1.65 -0.0631402 -0.0598323 0.477965
1.75 1.65 -0.062062 -0.0751227 0.519466
1.8 1.65 -0.0568678 -0.0899409 0.557933
1.85 1.65 -0.0464473 -0.0997651 0.589916
1.9 1.65 -0.0304738 -0.0957031 0.612342
1.95 1.65 -0.0139908 -0.0668123 0.605446
2 1.65 0 0 0.605446
0 1.7 0 0 -0.678955
0.05 1.7 -0.0175356 0.0820052 -0.678955
0.1 1.7 -0.0356925 0.111912 -0.674418
0.15 1.7 -0.0505463 0.112398 -0.643935
0.2 1.7 -0.0584656 0.0975988 -0.601545
0.25 1.7 -0.0603647 0.078619 -0.555296
0.3 1.7 -0.0582007 0.0602676 -0.506264
0.35 1.7 -0.0535401 0.044793 -0.458228
0.4 1.7 -0.0477466 0.032518 -0.411456
0.45 1.7 -0.0416243 0.0231571 -0.366963
0.5 1.7 -0.0357022 0.0161712 -0.324724
0.55 1.7 -0.0302466 0.0110439 -0.284804
0.6 1.7 -0.025392 0.00733313 -0.247006
0.65 1.7 -0.0211813 0.00469078 -0.211132
0.7 1.7 -0.017614 0.00284769 -0.176934
0.75 1.7 -0.0146659 0.00159853 -0.14417
0.8 1.7 -0.0123049 0.000785877 -0.112596
0.85 1.7 -0.0104984 0.000287671 -0.081979
0.9 1.7 -0.00921822 7.12316e-06 -0.0520927
0.95 1.7 -0.00844239 -0.000135154 -0.0227202
1 1.7 -0.00815678 -0.000207498 0.0063506
1.05 1.7 -0.00835564 -0.000272541 0.0353288
1.1 1.7 -0.00904182 -0.000392079 0.064424
1.15 1.7 -0.0102269 -0.000631913 0.0938494
1.2 1.7 -0.0119312 -0.00106717 0.123826
1.25 1.7 -0.0141828 -0.00178869 0.154585
1.3 1.7 -0.0170166 -0.00291106 0.186373
1.35 1.7 -0.0204707 -0.00458338 0.219458
1.4 1.7 -0.0245814 -0.00700323 0.25412
1.45 1.7 -0.0293692 -0.0104359 0.290675
1.5 1.7 -0.0348226 -0.0152353 0.329414
1.55 1.7 -0.0408489 -0.0218696 0.370699
1.6 1.7 -0.0472362 -0.0309139 0.41465
1.65 1.7 -0.0534978 -0.0430188 0.461625
1.7 1.7 -0.0588516 -0.0586209 0.510803
1.75 1.7 -0.0618386 -0.0775756 0.562403
1.8 1.7 -0.0607097 -0.0976546 0.612222
1.85 1.7 -0.0531019 -0.113867 0.659369
1.9 1.7 -0.0378448 -0.114316 0.693581
1.95 1.7 -0.0186621 -0.08421 0.699974
2 1.7 0 0 0.699974
0 1.75 0 0 -0.843183
0.05 1.75 -0.020846 0.0984837 -0.843183
0.1 1.75 -0.0386805 0.125936 -0.809127
0.15 1.75 -0.0479245 0.119993 -0.758815
0.2 1.75 -0.0489755 0.098194 -0.691375
0.25 1.75 -0.0435636 0.0743349 -0.627113
0.3 1.75 -0.0350977 0.0531142 -0.562287
0.35 1.75 -0.0252349 0.0363977 -0.502362
0.4 1.75 -0.0154071 0.023936 -0.446133
0.45 1.75 -0.0062188 0.0150079 -0.394375
0.5 1.75 0.00198314 0.00877046 -0.346442
0.55 1.75 0.00911878 0.00452052 -0.302054
0.6 1.75 0.0152013 0.00171065 -0.260696
0.65 1.75 0.0203047 -6.13118e-05 -0.221951
0.7 1.75 0.0245167 -0.00108748 -0.185397
0.75 1.75 0.0279259 -0.00157894 -0.150666
0.8 1.75 0.0306105 -0.0016896 -0.117415
0.85 1.75 0.032636 -0.00153332 -0.0853358
0.9 1.75 0.0340535 -0.00119656 -0.0541421
0.95 1.75 0.0349002 -0.000747439 -0.0235658
1 1.75 0.0351992 -0.000242722 0.00664876
1.05 1.75 0.0349604 0.000266688 0.0367511
1.1 1.75 0.0341803 0.000730868 0.0669898
1.15 1.75 0.0328416 0.00109607 0.0976187
1.2 1.75 0.0309131 0.0012994 0.128903
1.25 1.75 0.0283485 0.00126211 0.161129
1.3 1.75 0.0250858 0.000880818 0.194607
1.35 1.75 0.0210469 1.49393e-05 0.229692
1.4 1.75 0.0161382 -0.00153106 0.266779
1.45 1.75 0.010258 -0.00403396 0.306348
1.5 1.75 0.00330267 -0.00788606 0.348908
1.55 1.75 -0.004789 -0.0136438 0.395164
1.6 1.75 -0.0140166 -0.0220566 0.445629
1.65 1.75 -0.024121 -0.0340896 0.501452
1.7 1.75 -0.0346074 -0.0506685 0.562204
1.75 1.75 -0.044024 -0.0723578 0.630098
1.8 1.75 -0.0506184 -0.0974764 0.69926
1.85 1.75 -0.0504205 -0.121306 0.774529
1.9 1.75 -0.0412654 -0.128967 0.831618
1.95 1.75 -0.0223391 -0.10183 0.87121
2 1.75 0 0 0.87121
0 1.8 0 0 -0.977831
0.05 1.8 -0.0183679 0.12326 -0.977831
0.1 1.8 -0.0282029 0.142165 -0.881143
0.15 1.8 -0.0218389 0.125848 -0.81158
0.2 1.8 -0.00927163 0.0955466 -0.71916
0.25 1.8 0.00796572 0.0669577 -0.642613
0.3 1.8 0.0252164 0.0437021 -0.567911
0.35 1.8 0.0415163 0.0266773 -0.502244
0.4 1.8 0.0558478 0.01483 -0.442234
0.45 1.8 0.0681592 0.00692491 -0.388364
0.5 1.8 0.0784946 0.0018267 -0.339347
0.55 1.8 0.0870802 -0.00131901 -0.294613
0.6 1.8 0.094141 -0.00312403 -0.253393
0.65 1.8 0.0998997 -0.00400939 -0.215117
0.7 1.8 0.104545 -0.00426287 -0.179253
0.75 1.8 0.108236 -0.00408143 -0.145359
0.8 1.8 0.111095 -0.00360142 -0.113044
0.85 1.8 0.113222 -0.00291893 -0.0819657
0.9 1.8 0.114686 -0.00210359 -0.0518135
0.95 1.8 0.11554 -0.00120786 -0.0223032
1 1.8 0.115815 -0.000273821 0.00683352
1.05 1.8 0.115523 0.000661778 0.0358563
1.1 1.8 0.114662 0.00156316 0.0650231
1.15 1.8 0.11321 0.00239128 0.0945979
1.2 1.8 0.111127 0.00309906 0.124859
1.25 1.8 0.108351 0.00362524 0.156108
1.3 1.8 0.104799 0.00388574 0.18868
1.35 1.8 0.100355 0.0037609 0.222966
1.4 1.8 0.0948724 0.00307588 0.259416
1.45 1.8 0.0881651 0.00157004 0.298599
1.5 1.8 0.0800001 -0.00114843 0.34115
1.55 1.8 0.0701224 -0.0056721 0.38802
1.6 1.8 0.0582281 -0.0128675 0.440002
1.65 1.8 0.0441641 -0.0239689 0.499006
1.7 1.8 0.0277749 -0.0404353 0.564972
1.75 1.8 0.009966 -0.0637699 0.642921
1.8 1.8 -0.00849493 -0.0935076 0.725172
1.85 1.8 -0.0224159 -0.126406 0.828611
1.9 1.8 -0.0299577 -0.14554 0.908025
1.95 1.8 -0.019614 -0.12806 1.01657
2 1.8 0 0 1.01657
0 1.85 0 0 -1.42625
0.05 1.85 0.00166144 0.118089 -1.42625
0.1 1.85 0.0125725 0.119103 -1.18368
0.15 1.85 0.0475866 0.0944221 -1.0513
0.2 1.85 0.0810401 0.0618068 -0.892415
0.25 1.85 0.114034 0.0349239 -0.775998
0.3 1.85 0.141594 0.0151919 -0.670901
0.35 1.85 0.164576 0.00216303 -0.584336
0.4 1.85 0.18304 -0.00583285 -0.508755
0.45 1.85 0.197865 -0.0103082 -0.443139
0.5 1.85 0.209688 -0.0124549 -0.384853
0.55 1.85 0.21913 -0.013101 -0.332573
0.6 1.85 0.226659 -0.0127947 -0.285016
0.65 1.85 0.232651 -0.0118879 -0.241281
0.7 1.85 0.23739 -0.0106041 -0.20061
0.75 1.85 0.241091 -0.00908492 -0.162401
0.8 1.85 0.243914 -0.00742058 -0.126144
0.85 1.85 0.245979 -0.00566891 -0.0914037
0.9 1.85 0.247373 -0.0038674 -0.0577942
0.95 1.85 0.248153 -0.00204095 -0.0249654
1 1.85 0.248356 -0.000207009 0.00740954
1.05 1.85 0.247997 0.00162065 0.0396453
1.1 1.85 0.247074 0.0034289 0.072054
1.15 1.85 0.245561 0.00520236 0.104955
1.2 1.85 0.243416 0.00692003 0.138687
1.25 1.85 0.240567 0.00855081 0.173621
1.3 1.85 0.236916 0.010047 0.210175
1.35 1.85 0.232324 0.0113338 0.248848
1.4 1.85 0.226601 0.0122928 0.290236
1.45 1.85 0.219493 0.0127342 0.335119
1.5 1.85 0.210649 0.0123519 0.384449
1.55 1.85 0.199615 0.0106509 0.439694
1.6 1.85 0.18574 0.00684801 0.502399
1.65 1.85 0.168327 -0.00026474 0.575967
1.7 1.85 0.146256 -0.0123403 0.661899
1.75 1.85 0.119277 -0.0314788 0.770223
1.8 1.85 0.0858943 -0.0587114 0.893066
1.85 1.85 0.0513804 -0.0934988 1.06768
1.9 1.85 0.0139532 -0.121389 1.21475
1.95 1.85 0.00228939 -0.123225 1.48262
2 1.85 0 0 1.48262
0 1.9 0 0 -1.36726
0.05 1.9 0.076937 0.140924 -1.36726
0.1 1.9 0.132139 0.112423 -0.969923
0.15 1.9 0.207547 0.0758788 -0.850108
0.2 1.9 0.26243 0.0419366 -0.695789
0.25 1.9 0.307597 0.0181068 -0.599909
0.3 1.9 0.340918 0.00265625 -0.513799
0.35 1.9 0.366273 -0.00648361 -0.445653
0.4 1.9 0.385281 -0.0113754 -0.386723
0.45 1.9 0.399766 -0.0135737 -0.336164
0.5 1.9 0.410868 -0.0141287 -0.291506
0.55 1.9 0.41947 -0.0137123 -0.251626
0.6 1.9 0.426171 -0.0127316 -0.215442
0.65 1.9 0.431406 -0.0114297 -0.182218
0.7 1.9 0.435481 -0.0099486 -0.151348
0.75 1.9 0.438618 -0.00837138 -0.122357
0.8 1.9 0.440977 -0.00674602 -0.0948465
0.85 1.9 0.442671 -0.00509992 -0.0684805
0.9 1.9 0.443782 -0.00344815 -0.0429628
0.95 1.9 0.444365 -0.00179855 -0.0180259
1 1.9 0.444452 -0.000154806 0.00658
1.05 1.9 0.444057 0.00148133 0.0310952
1.1 1.9 0.443177 0.00310842 0.0557586
1.15 1.9 0.441792 0.00472371 0.0808155
1.2 1.9 0.439858 0.00632128 0.106527
1.25 1.9 0.437313 0.00788942 0.13318
1.3 1.9 0.434062 0.00940656 0.161102
1.35 1.9 0.429975 0.0108346 0.190684
1.4 1.9 0.424864 0.0121071 0.222401
1.45 1.9 0.41847 0.0131096 0.256884
1.5 1.9 0.410414 0.0136422 0.294908
1.55 1.9 0.40017 0.0133611 0.337725
1.6 1.9 0.386912 0.0116722 0.386642
1.65 1.9 0.369568 0.0075911 0.444913
1.7 1.9 0.346211 -0.000446542 0.513809
1.75 1.9 0.315196 -0.0147438 0.60509
1.8 1.9 0.271768 -0.0378626 0.709511
1.85 1.9 0.218227 -0.0726632 0.884864
1.9 1.9 0.140759 -0.111638 1.02238
1.95 1.9 0.0836091 -0.144412 1.45296
2 1.9 0 0 1.45296
0 1.95 0 0 -3.07725
0.05 1.95 0.284245 -0.0677297 -3.07725
0.1 1.95 0.378028 -0.0700708 -1.9444
0.15 1.95 0.483039 -0.0718993 -1.58055
0.2 1.95 0.545589 -0.0705436 -1.24215
0.25 1.95 0.591166 -0.0688098 -1.04042
0.3 1.95 0.621309 -0.0653209 -0.88146
0.35 1.95 0.642383 -0.0607719 -0.760236
0.4 1.95 0.657138 -0.0554777 -0.659241
0.45 1.95 0.667825 -0.0499074 -0.573268
0.5 1.95 0.675723 -0.04433 -0.497644
0.55 1.95 0.681689 -0.0389182 -0.43
0.6 1.95 0.686256 -0.0337459 -0.368543
0.65 1.95 0.689777 -0.0288352 -0.312053
0.7 1.95 0.692487 -0.024176 -0.259565
0.75 1.95 0.694548 -0.0197431 -0.210309
0.8 1.95 0.696072 -0.0155042 -0.163633
0.85 1.95 0.697138 -0.0114248 -0.118972
0.9 1.95 0.697802 -0.00746963 -0.0758201
0.95 1.95 0.6981 -0.0036043 -0.0337145
1 1.95 0.698053 0.000204999 0.00778067
1.05 1.95 0.69767 0.00399145 0.0490863
1.1 1.95 0.696946 0.00778783 0.0906203
1.15 1.95 0.695867 0.0116269 0.13281
1.2 1.95 0.694402 0.0155414 0.176106
1.25 1.95 0.692503 0.0195648 0.221
1.3 1.95 0.690103 0.0237302 0.268046
1.35 1.95 0.687103 0.0280705 0.317897
1.4 1.95 0.683363 0.0326153 0.371345
1.45 1.95 0.678677 0.0373872 0.429428
1.5 1.95 0.672734 0.0423899 0.493489
1.55 1.95 0.665072 0.0475977 0.565613
1.6 1.95 0.654912 0.052907 0.648499
1.65 1.95 0.641125 0.0581517 0.747766
1.7 1.95 0.621507 0.0629263 0.868989
1.75 1.95 0.593581 0.0669977 1.03295
1.8 1.95 0.550311 0.0694505 1.24209
1.85 1.95 0.491035 0.071823 1.60318
1.9 1.95 0.385779 0.070951 1.9797
1.95 1.95 0.294539 0.0709313 3.15876
2 1.95 0 0 3.15876
0 2 1 0 0
0.05 2 1 0 0
0.1 2 1 0 0
0.15 2 1 0 0
0.2 2 1 0 0
0.25 2 1 0 0
0.3 2 1 0 0
0.35 2 1 0 0
0.4 2 1 0 0
0.45 2 1 0 0
0.5 2 1 0 0
0.55 2 1 0 0
0.6 2 1 0 0
0.65 2 1 0 0
0.7 2 1 0 0
0.75 2 1 0 0
0.8 2 1 0 0
0.85 2 1 0 0
0.9 2 1 0 0
0.95 2 1 0 0
1 2 1 0 0
1.05 2 1 0 0
1.1 2 1 0 0
1.15 2 1 0 0
1.2 2 1 0 0
1.25 2 1 0 0
1.3 2 1 0 0
1.35 2 1 0 0
1.4 2 1 0 0
1.45 2 1 0 0
1.5 2 1 0 0
1.55 2 1 0 0
1.6 2 1 0 0
1.65 2 1 0 0
1.7 2 1 0 0
1.75 2 1 0 0
1.8 2 1 0 0
1.85 2 1 0 0
1.9 2 1 0 0
1.95 2 1 0 0
2 2 1 0 0
